11bg.40.U2G.131.A.A	A	(0,8,1,0.621053,3.17036,0.170213,0.713865,0.889494,2.27264,0.140494,-0.988305,0.0592815,-0.739529,-0.0649409,0.669985,-0.6583,-0.137969,-0.740004,41.4204,34.2751,154.075)	(N,A,S,694,A,S,22,0),(N,A,H,515,A,Y,97,0),(N,A,S,695,A,S,23,0),(N,A,N,696,A,N,24,0)
148l.18.MUB.165.S.E	E	(0,8,1,2.34481,3.09878,0.130081,1.29949,100.405,-3.38694,0.687904,-0.273999,0.672095,0.67836,0.572011,-0.46112,-0.258099,0.773129,0.579359,-54.795,63.81,-28.841),(1,7,1,1.52672,2.51006,0.113821,1.19334,6156.18,-7.2025,-0.107887,0.476083,-0.872757,-0.944345,-0.323489,-0.059725,-0.310761,0.817741,0.484487,41.8304,110.321,-12.1626)	(N,A,H,493,E,H,31,0),(N,A,H,489,E,R,14,0),(N,A,I,457,E,L,32,0),(N,A,K,459,E,G,30,0),(N,A,I,457,E,L,33,0),(N,A,I,456,E,L,33,0),(N,A,I,703,E,L,32,1),(N,A,D,702,E,E,26,1),(N,A,E,651,E,F,104,1),(N,A,T,700,E,H,31,1),(N,A,L,704,E,L,33,1)
19hc.43.HEM.301.A.A	A	(0,15,5,2.64975,2.54221,0.152941,1.08273,91.1375,-2.78425,-0.931436,0.00445686,0.363878,-0.332007,-0.4198,-0.844712,0.148991,-0.907606,0.392497,18.9068,82.9202,14.662)	(N,A,E,518,A,D,7,0),(N,A,L,698,A,L,38,0),(N,A,S,695,A,S,8,0),(N,A,E,520,A,P,11,0),(N,A,H,515,A,H,37,0),(N,A,N,696,A,E,41,0),(N,A,S,517,A,T,6,0),(N,A,T,519,A,G,9,0),(N,A,S,695,A,G,9,0)
1a7v.43.HEM.150.A.A	A	(0,8,1,1.86151,2.20467,0.107383,1.29521,606.636,-4.9507,0.269385,-0.229204,-0.935359,-0.962443,-0.0300841,-0.269813,0.0337028,0.972913,-0.2287,78.8321,84.0182,-4.44204)	(N,A,C,631,A,A,45,0),(N,A,T,632,A,S,48,0),(N,A,A,634,A,A,83,0),(N,A,V,635,A,L,81,0),(N,A,M,638,A,N,112,0),(N,A,I,637,A,L,85,0)
1a5v.23.Y3.1.A.A	A	(0,6,1,1.65202,2.86865,0.125,0.457997,4.12977,-0.238842,-0.956084,0.291781,-0.0276916,-0.0930644,-0.391815,-0.915325,-0.277925,-0.872551,0.401763,59.1916,132.369,49.3922)	(N,A,V,487,A,A,159,0),(N,A,Q,466,A,Q,62,0),(N,A,K,467,A,Q,62,0),(N,A,I,469,A,V,81,0),(N,A,T,470,A,T,83,0)
1a27.20.EST.350.A.A	A	(0,6,1,1.72149,3.94975,0.123711,1.23327,11.3601,-1.22402,-0.038342,0.877168,-0.47865,-0.794733,-0.317135,-0.517517,-0.605747,0.360556,0.709275,22.469,69.3867,-76.0147)	(N,A,V,487,A,L,95,0),(N,A,V,497,A,V,196,0),(N,A,Y,423,A,F,192,0),(N,A,L,496,A,L,96,0),(N,A,M,498,A,L,197,0)
1a25.10.PSE.1.B.B	B	(0,5,1,0.909801,3.20846,0.217391,1.45805,10.4481,-0.688501,0.265521,0.892522,0.364558,-0.924797,0.342657,-0.165339,-0.272487,-0.293241,0.916385,-79.7265,96.0169,-11.7324),(1,6,1,1.35329,2.84267,0.235294,0.886065,10.4481,-0.903246,0.441437,0.868851,0.224123,-0.89305,0.449683,0.0156955,-0.087147,-0.207081,0.974435,-78.3628,76.8595,-30.1584)	(N,A,D,662,B,E,284,0),(N,A,E,659,B,E,281,0),(N,A,Q,658,B,Q,280,0),(N,A,E,659,B,E,281,1),(N,A,Q,658,B,Q,280,1),(N,A,D,662,B,E,284,1)
155c.43.HEM.135.A.A	A	(0,11,1,2.57198,2.69346,0.115183,0.563417,148.92,-3.55354,-0.0164577,-0.826946,-0.56204,-0.997963,0.0482344,-0.0417464,0.0616317,0.560208,-0.826056,86.6251,43.2258,58.7152)	(N,A,D,490,A,C,15,0),(N,A,L,425,A,V,110,0),(N,A,S,458,A,N,37,0),(N,A,R,441,A,L,114,0),(N,A,H,493,A,H,19,0),(N,A,I,457,A,L,38,0),(N,A,I,439,A,V,41,0),(N,A,I,456,A,L,38,0)
1aca.17.PLM.88.A.A	A	(0,7,2,1.32407,3.00839,0.148936,1.40948,6.80708,-0.322079,0.512392,-0.391907,-0.764109,-0.161114,0.830119,-0.533802,0.843503,0.396625,0.362205,92.8525,20.5005,-85.7611)	(N,A,D,565,A,D,48,0),(N,A,L,472,A,A,53,0),(N,A,F,566,A,F,49,0),(N,A,I,564,A,L,47,0)
1a8t.34.061.250.A.A	A	(0,5,1,2.1307,2.98682,0.111111,0.850662,1.64987,0.106049,-0.363593,0.710669,0.602288,0.583615,0.677705,-0.447336,-0.726081,0.188856,-0.661166,-51.575,-3.40345,69.7902),(1,2,1,0.0518402,3.71446,0.0754717,0.495462,200.877,-1.65244,-0.737366,0.105865,-0.667146,-0.654397,-0.356853,0.666649,-0.167498,0.928142,0.332409,83.7493,-4.68056,-75.8031),(2,2,1,0.0518402,3.71446,0.0754717,0.495462,200.877,-1.65244,-0.737366,0.105865,-0.667146,-0.654397,-0.356853,0.666649,-0.167498,0.928142,0.332409,83.7493,-4.68056,-75.8031),(3,6,1,2.76485,2.7117,0.12766,0.888999,25.6539,-2.4891,-0.419271,0.698843,0.579508,0.681967,0.663793,-0.307084,-0.599277,0.266454,-0.754897,-47.0038,-17.6176,65.7204),(4,11,1,2.84739,2.17939,0.183333,1.0289,1116.21,-5.66665,-0.954376,0.112967,0.276415,-0.253759,0.181094,-0.950164,-0.157395,-0.976956,-0.144166,34.593,97.5184,63.2141)	(N,A,H,515,A,H,145,0),(N,A,T,519,A,D,179,0),(N,A,S,694,A,S,178,0),(N,A,N,696,A,N,176,0),(N,A,H,445,A,H,82,1),(N,A,H,445,A,H,82,2),(N,A,S,694,A,S,178,3),(N,A,H,515,A,H,145,3),(N,A,S,517,A,D,179,3),(N,A,T,519,A,D,179,3),(N,A,E,520,A,D,179,3),(N,A,E,520,A,D,148,4),(N,A,H,515,A,H,84,4),(N,A,T,519,A,T,147,4),(N,A,N,696,A,I,177,4),(N,A,F,516,A,H,82,4),(N,A,S,695,A,A,180,4),(N,A,L,698,A,H,145,4),(N,A,P,697,A,H,145,4)
1ajn.13.AAN.559.B.B	B	(0,4,1,2.39901,3.36372,0.102564,0.374448,685.522,-6.01967,-0.220347,-0.565846,0.794522,0.973515,-0.0766737,0.215382,-0.0609541,0.820938,0.567754,-45.7839,-19.127,-41.2019)	(N,A,L,474,B,L,175,0),(N,A,D,537,B,N,178,0),(N,A,K,572,B,S,67,0),(N,A,V,538,B,I,177,0)
1a56.43.HEC.82.A.A	A	(0,8,1,2.51216,2.8353,0.113475,0.598014,25.2813,-2.09123,0.891127,0.224626,0.394253,-0.313336,-0.323821,0.892727,0.328197,-0.919067,-0.218182,-69.7642,-53.3349,58.5928)	(N,A,H,485,A,A,38,0),(N,A,H,485,A,L,42,0),(N,A,L,500,A,V,63,0),(N,A,L,500,A,I,46,0),(N,A,N,502,A,N,62,0),(N,A,H,485,A,Y,41,0),(N,A,L,501,A,V,63,0)
1a2s.43.HEC.90.A.A	A	(0,7,1,1.98834,3.98228,0.106061,0.910107,19.7125,-1.74749,0.838203,0.123475,-0.531196,0.213408,0.822095,0.527842,0.501869,-0.5558,0.662732,21.8835,-83.3428,-57.1571),(1,9,1,1.72082,1.96543,0.116129,0.844694,39.1442,-2.02547,-0.899497,0.253281,-0.356024,0.409756,0.771862,-0.486137,0.151672,-0.583162,-0.798071,39.1098,-0.492949,81.6075),(2,7,1,2.47037,1.75931,0.116667,1.37334,1703.18,-6.399,0.261437,0.846159,0.464398,-0.869759,0.415147,-0.266783,-0.418534,-0.334167,0.844489,-87.2857,34.8131,-25.3682)	(N,A,Q,466,A,Q,53,0),(N,A,H,489,A,D,65,0),(N,A,H,489,A,G,66,0),(N,A,V,487,A,L,68,0),(N,A,L,496,A,I,73,0),(N,A,I,469,A,I,54,0),(N,A,L,484,A,V,76,0),(N,A,L,496,A,V,51,1),(N,A,M,498,A,I,73,1),(N,A,E,499,A,E,72,1),(N,A,L,432,A,V,80,1),(N,A,V,482,A,L,68,1),(N,A,L,501,A,V,10,1),(N,A,E,560,A,D,29,2),(N,A,T,553,A,P,28,2),(N,A,R,509,A,H,19,2),(N,A,L,559,A,T,31,2),(N,A,I,561,A,I,27,2)
1a80.48.NDP.300.A.A	A	(0,8,1,2.53472,4.1078,0.110345,1.14705,676.974,-5.36901,-0.0785895,0.105703,-0.991287,-0.732345,-0.680779,-0.0145325,-0.676384,0.724822,0.130913,97.5545,59.7923,7.91673)	(N,A,D,600,A,E,35,0),(N,A,R,675,A,E,237,0),(N,A,K,677,A,R,238,0),(N,A,H,536,A,Y,19,0),(N,A,S,679,A,N,242,0),(N,A,L,605,A,V,234,0)
1a31.20.5IU.9.C.A	A	(0,2,1,0.0173338,1.21989,0.0816327,0.718946,1897.61,-2.80037,0.928756,0.254958,0.26909,0.042214,0.648446,-0.76009,-0.368281,0.717297,0.591485,-60.1031,31.0862,-53.3057)	(N,A,T,553,A,T,591,0)
12as.23.AMP.332.A.A	A	(0,6,1,2.24393,2.02592,0.12,0.848963,9.27785,-1.29572,-0.476231,-0.3037,0.825209,-0.164284,-0.891208,-0.422799,0.863837,-0.336918,0.374528,-23.3739,80.9493,-33.1981),(1,8,1,2.58147,2.12293,0.183908,1.49953,72.6483,-3.16139,0.297066,0.0394168,-0.954043,-0.940868,0.182486,-0.285424,0.16285,0.982418,0.0912965,96.0331,38.5009,-53.7132),(2,7,1,2.78262,2.7537,0.10219,0.342953,1591.81,-6.45043,-0.329656,0.148886,-0.932287,-0.898678,-0.3521,0.261542,-0.289318,0.924045,0.249873,98.5966,32.3662,-32.2),(3,6,1,2.68285,2.62151,0.0882353,0.580441,1591.81,-6.56806,-0.326015,0.142548,-0.934556,-0.897475,-0.357317,0.258579,-0.297072,0.923041,0.244424,98.9138,32.9782,-31.3874)	(N,A,K,455,A,R,214,0),(N,A,G,567,A,S,251,0),(N,A,D,565,A,D,235,0),(N,A,E,548,A,E,186,0),(N,A,D,544,A,E,248,0),(N,A,D,424,A,D,212,1),(N,A,L,425,A,V,213,1),(N,A,K,446,A,E,186,1),(N,A,V,444,A,I,201,1),(N,A,E,548,A,S,251,2),(N,A,K,455,A,R,299,2),(N,A,N,464,A,H,110,2),(N,A,N,549,A,D,235,2),(N,A,D,565,A,E,248,2),(N,A,E,548,A,S,251,3),(N,A,K,455,A,R,299,3),(N,A,N,464,A,H,110,3),(N,A,N,549,A,D,235,3),(N,A,D,565,A,E,248,3)
1a2t.25.THP.151.A.A	A	(0,7,1,2.94707,2.95373,0.103704,0.272285,15.0577,-1.87911,-0.642372,-0.535714,0.548058,-0.671206,0.738423,-0.0649204,-0.36992,-0.409563,-0.833917,2.00724,14.8694,104.092),(1,10,4,2.36459,2.36518,0.135137,1.42943,117.906,-3.33213,-0.278386,0.896105,-0.345683,0.635855,0.441695,0.632926,0.719854,-0.0436063,-0.692754,25.9755,-65.3981,57.2708),(2,5,1,1.92682,2.51421,0.0925926,1.11513,166.15,-4.16232,0.461377,-0.0580711,-0.885302,0.858234,0.282128,0.428765,0.224869,-0.957618,0.180006,64.1467,-52.7045,28.5408)	(N,A,H,712,A,Y,113,0),(N,A,N,723,A,K,49,0),(N,A,N,723,A,H,46,0),(N,A,D,565,A,D,19,0),(N,A,E,548,A,D,40,0),(N,A,N,549,A,T,41,0),(N,A,D,544,A,E,43,0),(N,A,R,543,A,R,87,1),(N,A,R,570,A,R,35,1),(N,A,R,570,A,T,22,1),(N,A,N,464,A,D,19,1),(N,A,C,603,A,T,82,1),(N,A,N,597,A,Y,113,1),(N,A,D,604,A,T,82,1),(N,A,E,548,A,D,19,2),(N,A,D,565,A,D,40,2),(N,A,N,549,A,D,21,2),(N,A,R,543,A,D,83,2)
1a2n.50.TET.420.A.A	A	(0,7,2,2.64069,3.2972,0.123894,0.983907,5.9542,-0.887854,0.636041,0.695353,-0.334569,-0.0378624,0.461173,0.886502,0.770726,-0.551184,0.319653,7.08773,-83.222,11.3902),(1,5,1,1.22344,2.56779,0.10101,1.29875,65.6999,-2.78489,0.951359,-0.270919,0.146693,0.241943,0.951769,0.188676,-0.190734,-0.144007,0.971021,15.255,-32.7767,-22.3452),(2,7,1,2.56913,3.26103,0.141414,1.23816,365.073,-4.89912,-0.723433,-0.573095,-0.384976,0.685657,-0.53119,-0.497706,0.0807374,-0.624018,0.777228,120.474,82.6051,-9.76397),(3,9,1,2.4546,2.47694,0.117647,1.35017,514.449,-4.94481,0.868313,0.439404,-0.230124,-0.492274,0.70652,-0.508425,-0.0608163,0.554756,0.829787,38.9917,36.1221,-60.5416),(4,9,3,1.86322,3.10694,0.117371,1.19794,1439.57,-5.69753,-0.925014,0.379386,0.0203581,0.0640271,0.208479,-0.975929,-0.374498,-0.901445,-0.217137,76.1067,96.4806,93.8507)	(N,A,E,560,A,E,190,0),(N,A,T,553,A,T,194,0),(N,A,K,527,A,T,258,0),(N,A,K,527,A,R,232,0),(N,A,Y,523,A,H,299,0),(N,A,L,559,A,I,191,0),(N,A,H,712,A,H,125,1),(N,A,V,715,A,L,124,1),(N,A,V,711,A,I,126,1),(N,A,D,424,A,S,127,2),(N,A,H,445,A,H,125,2),(N,A,S,448,A,T,168,2),(N,A,Q,450,A,I,94,2),(N,A,V,444,A,I,126,2),(N,A,D,426,A,D,123,3),(N,A,F,452,A,D,159,3),(N,A,Y,423,A,S,162,3),(N,A,R,441,A,G,128,3),(N,A,L,425,A,L,124,3),(N,A,H,445,A,K,160,3),(N,A,V,454,A,V,157,3),(N,A,L,427,A,I,126,3),(N,A,R,675,A,R,91,4),(N,A,M,678,A,H,125,4),(N,A,L,676,A,I,94,4),(N,A,L,605,A,V,122,4)
1afa.12.MBG.3.2.2	2	(0,7,1,2.97687,2.39373,0.127273,0.43967,4.35606,-0.72164,0.824475,-0.522139,0.218201,-0.371,-0.207566,0.905138,-0.427317,-0.827216,-0.364847,-5.73006,-28.246,74.2921),(1,5,1,2.15507,2.82006,0.12987,0.748993,34.1092,-2.70244,-0.45472,0.453391,0.766594,0.574651,-0.50824,0.641457,0.680445,0.732208,-0.0294343,-49.8752,-26.337,-55.1086),(2,2,1,0.736896,4.33617,0.0645161,1.46165,134.501,-3.90682,-0.527159,-0.745232,-0.408329,0.586686,-0.666799,0.459541,-0.614738,0.00269017,0.788727,102.439,-18.5797,-33.0985),(3,6,1,2.13685,2.74817,0.108108,0.222609,189.534,-4.21478,-0.407318,0.506421,0.76002,0.615647,-0.46243,0.638073,0.67459,0.727802,-0.12342,-52.441,-28.7287,-47.3272),(4,8,3,1.93781,1.81409,0.122439,1.50026,1484.11,-5.88502,-0.274614,-0.595573,-0.754904,0.953293,-0.0659383,-0.294762,0.125775,-0.800591,0.585863,107.762,22.9954,-35.6247)	(N,A,T,553,2,D,199,0),(N,A,E,560,2,E,198,0),(N,A,T,553,2,E,198,0),(N,A,E,560,2,D,187,0),(N,A,N,480,2,N,210,0),(N,A,I,561,2,I,212,0),(N,A,D,565,2,D,188,1),(N,A,D,544,2,E,165,1),(N,A,E,468,2,D,187,1),(N,A,N,549,2,D,199,1),(N,A,E,659,2,D,199,2),(N,A,D,662,2,D,211,2),(N,A,D,565,2,D,188,3),(N,A,D,544,2,E,165,3),(N,A,E,468,2,D,187,3),(N,A,V,482,2,N,210,3),(N,A,N,549,2,D,199,3),(N,A,N,464,2,H,218,4),(N,A,F,568,2,T,202,4),(N,A,N,549,2,D,187,4),(N,A,D,544,2,N,210,4),(N,A,D,565,2,E,198,4),(N,A,K,546,2,Q,185,4)
1a05.12.IPM.401.A.A	A	(0,6,1,1.81436,2.64752,0.0916031,0.840274,56.1121,-2.84017,-0.698809,-0.681869,0.216151,0.706681,-0.611312,0.35623,-0.110766,0.401687,0.909054,29.3215,-3.59954,-37.2812),(1,8,1,2.79412,3.28898,0.134454,1.13253,439.374,-5.03456,-0.055473,0.995547,-0.0762111,0.693776,0.0933251,0.714118,0.718051,-0.0132591,-0.695864,-23.5313,-51.5972,99.4789),(2,8,1,2.89324,2.81204,0.123077,1.32595,439.374,-5.06942,0.533458,-0.723964,0.437376,-0.663772,-0.67882,-0.314025,0.524242,-0.122799,-0.842669,-36.9992,92.4981,93.9671),(3,6,1,2.55326,4.05081,0.131868,1.46471,1229.49,-6.26037,-0.810385,0.459887,-0.363016,0.509327,0.246718,-0.824449,-0.289591,-0.853014,-0.43417,48.1365,65.5341,108.736)	(N,A,D,565,A,N,103,0),(N,A,I,439,A,L,92,0),(N,A,E,468,A,E,275,0),(N,A,K,455,A,R,95,0),(N,A,I,457,A,L,91,0),(N,A,D,424,A,E,88,1),(N,A,S,448,A,A,281,1),(N,A,V,444,A,V,73,1),(N,A,Y,423,A,G,279,1),(N,A,L,425,A,L,91,1),(N,A,S,602,A,R,133,2),(N,A,R,675,A,R,95,2),(N,A,K,726,A,R,105,2),(N,A,C,603,A,R,133,2),(N,A,Y,725,A,S,264,2),(N,A,D,600,A,D,246,2),(N,A,D,544,A,D,246,3),(N,A,K,467,A,Y,140,3),(N,A,L,545,A,I,247,3)
1abw.43.HEM.284.A.A	A	(0,11,1,2.90208,3.06895,0.183333,0.283355,2.86069,0.127772,0.884836,0.325923,-0.332927,0.399278,-0.898711,0.181375,-0.24009,-0.293417,-0.925345,-2.65105,30.3225,111.868),(1,5,1,1.11202,3.93404,0.169492,1.55934,8.00497,-0.63624,-0.922731,0.379708,0.066254,-0.347417,-0.893763,0.283706,0.166941,0.238767,0.95662,43.643,47.3819,-46.9422),(2,8,2,1.81374,2.9091,0.195122,1.28854,31.5654,-1.98365,-0.854045,-0.242542,0.460196,0.230772,-0.969488,-0.0826861,0.466209,0.0355826,0.883959,36.8699,55.5252,-45.4924),(3,6,1,2.18555,3.77634,0.0794702,0.500153,44.481,-2.79631,0.801593,0.597289,-0.0263323,-0.403257,0.507625,-0.761381,-0.441398,0.620937,0.64777,-32.8572,77.9296,-32.0376),(4,7,1,2.01551,4.0813,0.133333,1.24268,247.167,-4.26704,-0.217642,0.249769,-0.943529,0.435416,0.890024,0.135169,0.873525,-0.381409,-0.30246,100.981,-27.9151,48.1371)	(N,A,T,713,A,T,134,0),(N,A,G,708,A,S,133,0),(N,A,V,711,A,V,132,0),(N,A,H,712,A,T,137,0),(N,A,V,715,A,V,135,0),(N,A,A,710,A,A,130,0),(N,A,G,708,A,S,102,0),(N,A,A,709,A,A,21,1),(N,A,T,713,A,T,67,1),(N,A,A,710,A,A,63,1),(N,A,A,710,A,A,65,2),(N,A,V,711,A,L,66,2),(N,A,A,709,A,A,63,2),(N,A,C,631,A,N,68,2),(N,A,T,713,A,T,67,2),(N,A,L,506,A,L,80,3),(N,A,T,553,A,S,131,3),(N,A,I,561,A,V,132,3),(N,A,I,564,A,T,137,3),(N,A,N,480,A,S,102,3),(N,A,L,550,A,L,136,3),(N,A,V,487,A,L,83,4),(N,A,L,472,A,V,135,4),(N,A,I,469,A,L,136,4),(N,A,T,470,A,T,137,4),(N,A,T,470,A,T,134,4)
1ai9.48.NDP.193.A.A	A	(0,8,2,2.78975,3.42644,0.0958084,0.241074,0.349277,1.35467,0.996853,0.0633517,-0.0476526,0.0212627,-0.792771,-0.609149,-0.0763682,0.606219,-0.791623,5.62469,74.8425,47.6103),(1,7,1,2.68,3.11973,0.14433,0.525869,0.349277,1.26128,0.450883,-0.886552,-0.103588,0.890425,0.438689,0.121221,-0.0620259,-0.146894,0.987206,46.7052,-58.0788,-52.7161),(2,6,1,2.26526,1.89391,0.0967742,0.934459,167.689,-4.15102,0.809674,-0.505574,0.298032,-0.369931,-0.045424,0.927948,-0.455609,-0.861586,-0.223806,-3.90833,-57.8869,84.3023),(3,8,1,2.93261,1.69524,0.149533,0.716383,236.302,-4.46368,-0.995038,0.0776653,0.0621867,0.0745366,0.995906,-0.0511452,-0.0659043,-0.0462563,-0.996753,56.9414,-20.9238,82.2393)	(N,A,S,438,A,L,131,0),(N,A,T,465,A,T,133,0),(N,A,E,468,A,E,32,0),(N,A,F,568,A,F,36,0),(N,A,M,498,A,M,25,0),(N,A,I,456,A,A,12,0),(N,A,I,469,A,L,29,0),(N,A,S,707,A,T,133,1),(N,A,V,711,A,V,10,1),(N,A,I,703,A,I,132,1),(N,A,A,709,A,A,12,1),(N,A,A,710,A,A,12,1),(N,A,A,709,A,A,11,1),(N,A,A,710,A,A,11,1),(N,A,L,545,A,S,94,2),(N,A,E,505,A,E,120,2),(N,A,E,505,A,E,116,2),(N,A,L,506,A,I,117,2),(N,A,L,551,A,L,121,2),(N,A,E,636,A,E,120,3),(N,A,I,637,A,L,121,3),(N,A,K,724,A,G,114,3),(N,A,V,635,A,I,117,3),(N,A,K,642,A,N,119,3)
1ajq.9.SPA.559.B.B	B	(0,5,1,2.31735,10,0.10101,0.01,1918.27,-6.79043,-0.0489011,-0.204951,0.97755,0.86291,0.484204,0.144684,-0.502987,0.850612,0.153176,-80.8976,-25.4328,13.8785)	(N,A,H,534,B,H,192,0),(N,A,K,473,B,D,74,0),(N,A,K,572,B,W,154,0),(N,A,V,538,B,I,177,0)
1ap8.29.M7G.214.A.A	A	(0,6,1,2.51859,3.41081,0.126316,1.54941,23.7577,-2.32053,-0.406942,-0.806439,-0.429016,-0.536086,-0.169429,0.826986,-0.739601,0.566524,-0.363373,89.5147,-37.6323,32.5391),(1,4,1,1.00835,1.69011,0.0930233,0.765052,733.559,-5.22061,-0.174086,0.795362,0.580598,0.783406,-0.245367,0.571025,0.596631,0.554251,-0.580377,-42.9447,-59.7141,-9.65363)	(N,A,E,659,A,W,115,0),(N,A,L,663,A,L,154,0),(N,A,W,686,A,W,166,0),(N,A,S,657,A,S,116,0),(N,A,L,663,A,V,153,0),(N,A,A,709,A,A,51,1),(N,A,V,711,A,L,61,1)
1ai3.48.NDO.417.A.A	A	(0,5,1,2.49065,2.89468,0.0847458,0.869628,361.579,-5.19497,-0.176022,0.255383,0.950682,-0.515462,0.798859,-0.310038,-0.838639,-0.544613,-0.00897636,-169.574,-52.1043,51.4788)	(N,A,E,505,A,D,35,0),(N,A,G,504,A,D,35,0),(N,A,L,559,A,V,107,0),(N,A,L,551,A,L,103,0),(N,A,L,501,A,L,114,0)
1a82.31.ATP.802.A.A	A	(0,7,1,1.77075,2.31724,0.118644,0.287375,195.637,-3.90431,-0.871761,0.250469,-0.421067,0.132796,-0.706468,-0.695175,-0.47159,-0.661943,0.58261,75.2619,93.155,27.2632),(1,4,1,1.81126,2.39244,0.0879121,1.08064,4286.65,-7.57111,0.514497,0.319203,-0.795866,-0.243974,-0.83528,-0.492732,-0.822052,0.44768,-0.351872,44.2888,105.976,34.7699)	(N,A,S,517,A,P,210,0),(N,A,T,519,A,N,209,0),(N,A,S,657,A,T,16,0),(N,A,S,695,A,A,207,0),(N,A,E,518,A,E,211,0),(N,A,E,659,A,D,54,0),(N,A,L,551,A,V,147,1),(N,A,G,504,A,D,176,1),(N,A,G,503,A,D,176,1),(N,A,T,553,A,T,178,1)
1atn.31.ATP.375.A.A	A	(0,9,1,2.408,2.68223,0.152542,0.697854,457.835,-4.80917,-0.403307,0.903527,0.144853,0.691749,0.197412,0.694631,0.599022,0.380351,-0.704632,40.1005,-17.1147,113.273)	(N,A,D,426,A,D,184,0),(N,A,L,427,A,L,185,0),(N,A,R,441,A,T,260,0),(N,A,D,424,A,G,158,0)
1ad4.22.HH2.271.A.A	A	(0,5,1,2.01817,4.94477,0.0840336,0.03575,20.817,-2.15207,-0.372499,-0.63838,-0.673584,-0.881382,0.016129,0.472128,-0.290533,0.769552,-0.568665,126.735,-3.32244,52.3647),(1,9,1,1.86276,2.1987,0.137405,0.719067,115.673,-3.17991,0.424958,-0.722961,-0.544737,0.409981,0.690236,-0.59623,0.807048,0.0300403,0.589721,98.7027,16.6665,-33.5714),(2,9,1,2.61992,2.42476,0.115385,0.461618,163.003,-3.86275,-0.415843,-0.336639,-0.844836,0.147932,0.891556,-0.42807,0.897324,-0.302988,-0.320947,140.927,15.1711,37.0336),(3,6,1,2.381,2.15333,0.0745342,1.09433,163.003,-4.17259,0.921147,-0.165662,0.3522,0.186244,-0.606962,-0.772599,0.341762,0.777273,-0.528248,-20.4809,79.5959,50.0387)	(N,A,T,553,A,T,200,0),(N,A,L,501,A,I,170,0),(N,A,R,509,A,R,239,0),(N,A,F,452,A,T,200,1),(N,A,H,485,A,H,241,1),(N,A,M,498,A,R,239,1),(N,A,V,497,A,V,240,1),(N,A,L,484,A,I,9,1),(N,A,E,601,A,N,103,2),(N,A,H,536,A,M,128,2),(N,A,H,536,A,D,167,2),(N,A,D,537,A,A,199,2),(N,A,E,601,A,D,104,2),(N,A,R,682,A,R,52,2),(N,A,S,679,A,T,51,2),(N,A,S,679,A,S,50,2),(N,A,D,565,A,H,241,3),(N,A,V,715,A,H,55,3),(N,A,N,549,A,N,11,3),(N,A,D,604,A,D,84,3),(N,A,L,550,A,V,12,3)
1aer.43.TAD.700.A.A	A	(0,10,1,2.23114,3.25443,0.115607,0.834593,1.51357,0.821284,0.35922,-0.699535,-0.617747,-0.0422144,0.649072,-0.759555,0.932298,0.298925,0.203629,130.497,110.504,-42.6576),(1,6,1,2.80775,3.58617,0.0789474,1.23605,259.686,-4.80202,0.0299151,-0.440263,0.89737,0.192678,-0.878395,-0.437377,0.980806,0.185988,0.0585517,-16.5602,123.162,-40.463)	(N,A,H,445,A,T,564,0),(N,A,H,485,A,H,440,0),(N,A,V,454,A,I,555,0),(N,A,L,484,A,A,478,0),(N,A,L,496,A,A,472,0),(N,A,L,496,A,I,471,0),(N,A,F,452,A,F,469,0),(N,A,V,497,A,I,471,0),(N,A,M,678,A,T,442,1),(N,A,H,536,A,H,440,1),(N,A,L,605,A,I,450,1),(N,A,Y,599,A,I,471,1),(N,A,V,532,A,L,499,1)
1all.43.CYC.175.A.A	A	(0,5,1,1.02071,2.34934,0.0943396,1.44738,420.359,-4.45336,0.597564,0.795801,-0.0980719,-0.800873,0.598323,-0.0247442,0.0389872,0.0933293,0.994872,-25.6994,28.4659,-73.6983),(1,4,1,2.6651,2.66846,0.0727273,1.54245,2335.8,-7.35027,-0.881882,-0.160262,0.443396,0.0377074,0.913467,0.405162,-0.46996,0.374025,-0.799527,46.2958,-47.8575,72.0301)	(N,A,E,560,A,D,89,0),(N,A,K,562,A,R,93,0),(N,A,L,500,A,I,110,0),(N,A,I,561,A,L,92,0),(N,A,R,509,A,T,81,1),(N,A,K,527,A,R,63,1),(N,A,E,560,A,D,65,1),(N,A,L,559,A,V,66,1)
1a9x.9.ORN.1920.A.A	A	(0,5,1,0.571325,2.76646,0.123457,1.2136,471.929,-3.98865,0.923064,0.202043,0.32731,-0.3798,0.344097,0.85869,0.0608657,-0.916938,0.394359,-49.998,-49.4299,72.6683),(1,8,1,1.04731,1.95366,0.156863,0.889404,471.929,-4.12467,0.807309,0.205149,-0.553322,-0.272589,0.961243,-0.0413235,0.523399,0.18419,0.831942,38.2739,-15.9398,-50.209),(2,5,1,0.750898,2.58562,0.119048,0.347717,471.929,-4.26197,0.878597,0.322786,0.35196,-0.44077,0.26442,0.85779,0.183817,-0.908785,0.374593,-55.88,-42.4173,67.298)	(N,A,H,515,A,H,1039,0),(N,A,T,519,A,S,935,0),(N,A,S,530,A,T,1050,1),(N,A,H,478,A,H,1039,1),(N,A,N,480,A,D,1041,1),(N,A,I,561,A,T,1042,1),(N,A,H,515,A,H,1039,2),(N,A,T,519,A,S,935,2)
1ao0.27.ADP.468.A.A	A	(0,7,1,2.20784,2.49333,0.103704,1.31073,796.053,-5.5264,0.834602,0.546016,-0.0728458,-0.334852,0.397877,-0.854147,-0.437394,0.737266,0.514904,-32.8998,81.8251,10.734),(1,8,1,1.8236,2.88999,0.114286,0.745675,1580.77,-5.88736,-0.509449,0.0277704,0.860053,0.0783339,-0.993832,0.0784909,0.856928,0.107358,0.504132,-57.6091,42.989,0.852155)	(N,A,L,500,A,S,354,0),(N,A,E,499,A,D,345,0),(N,A,V,482,A,V,280,0),(N,A,T,553,A,T,353,0),(N,A,I,481,A,P,281,0),(N,A,L,551,A,I,357,0),(N,A,T,470,A,S,354,1),(N,A,V,487,A,L,329,1),(N,A,L,496,A,L,303,1),(N,A,L,484,A,V,280,1),(N,A,H,485,A,D,282,1),(N,A,L,472,A,D,345,1),(N,A,I,469,A,I,357,1)
1atj.43.HEM.350.A.A	A	(0,8,2,1.81918,2.90758,0.168421,0.349605,4.35882,-0.0961955,-0.00811563,-0.957768,-0.287427,-0.958897,-0.0740773,0.273916,-0.28364,0.277836,-0.917799,33.0475,92.6863,104.919),(1,8,1,2.5083,1.9319,0.117647,0.81791,12.1971,-1.38102,-0.413338,-0.521302,-0.74659,0.577288,-0.784097,0.227883,-0.704194,-0.336804,0.625038,86.2536,69.2755,38.9836)	(N,A,E,636,A,D,220,0),(N,A,K,639,A,K,174,0),(N,A,E,728,A,S,216,0),(N,A,V,635,A,V,219,0),(N,A,K,640,A,K,174,0),(N,A,E,508,A,D,220,1),(N,A,T,614,A,C,209,1),(N,A,M,699,A,Q,176,1),(N,A,K,512,A,K,174,1),(N,A,K,511,A,K,174,1),(N,A,L,704,A,L,218,1)
1aql.35.TCH.602.A.A	A	(0,8,1,2.82886,2.82606,0.0941176,0.217733,329.725,-4.76021,0.448804,-0.891983,0.0542319,-0.437209,-0.272101,-0.85721,0.779374,0.361009,-0.512103,47.1269,133.958,65.7235),(1,7,1,2.08338,2.45204,0.109375,1.12468,464.638,-4.93042,-0.0389544,0.917367,0.396132,0.521584,0.356808,-0.775008,-0.85231,0.176426,-0.492384,-40.8727,67.6605,133.616)	(N,A,E,468,A,E,388,0),(N,A,L,496,A,L,282,0),(N,A,I,469,A,L,392,0),(N,A,I,481,A,Y,526,0),(N,A,K,473,A,P,226,0),(N,A,L,472,A,I,391,0),(N,A,R,526,A,L,347,1),(N,A,V,529,A,V,353,1),(N,A,S,533,A,T,354,1),(N,A,S,530,A,T,352,1),(N,A,R,526,A,S,349,1),(N,A,H,478,A,Y,526,1)
1asy.20.PSU.613.S.B	B	(0,9,1,0.765489,2.41493,0.268657,1.01171,1687.53,-4.96685,0.175696,-0.227471,-0.957804,0.582718,-0.76015,0.287421,-0.793455,-0.608628,-0.00100394,124.179,46.047,36.1226)	(N,A,L,500,B,V,225,0),(N,A,G,503,B,T,230,0),(N,A,N,502,B,N,227,0),(N,A,L,501,B,V,226,0)
1au1.10.G6D.169.A.A	A	(0,7,2,1.24883,3.7384,0.117045,1.27414,405.696,-4.28313,0.919992,0.153285,0.36072,0.251049,-0.937232,-0.242013,0.300982,0.313209,-0.900728,-49.52,48.6234,52.7035)	(N,A,D,702,A,E,81,0),(N,A,V,711,A,L,20,0),(N,A,L,704,A,I,83,0),(N,A,I,703,A,V,84,0)
1asz.20.PSU.613.R.A	A	(0,4,1,0.817176,2.69039,0.142857,1.34485,27.523,-1.74472,-0.910838,-0.274396,0.308351,-0.260525,-0.19726,-0.945101,0.320158,-0.941167,0.108185,113.836,149.866,12.44)	(N,A,L,501,A,V,226,0),(N,A,D,554,A,D,229,0),(N,A,N,502,A,N,227,0)
1arp.43.HEM.345.A.A	A	(0,11,3,1.32911,2.34308,0.147,0.300652,3.39644,0.758854,-0.819633,0.431864,-0.376423,-0.227541,0.357604,0.905728,0.525762,0.828017,-0.194837,63.4682,-46.7863,-28.4719),(1,11,1,2.22159,1.78843,0.141026,0.890712,3.39644,0.245139,0.286131,0.146191,-0.946973,0.30243,-0.951553,-0.0555174,-0.909211,-0.270508,-0.316482,85.2491,47.456,112.663),(2,7,1,2.96417,1.94247,0.113821,1.26134,18.8729,-2.10434,0.807277,0.487306,0.332923,0.0963462,-0.66536,0.740279,0.582256,-0.565534,-0.58408,-38.6084,-13.8312,61.7512)	(N,A,E,520,A,D,246,0),(N,A,A,521,A,A,247,0),(N,A,H,515,A,H,184,0),(N,A,T,519,A,S,245,0),(N,A,S,657,A,A,231,0),(N,A,Q,692,A,N,158,0),(N,A,N,480,A,T,99,1),(N,A,K,527,A,S,45,1),(N,A,E,520,A,K,42,1),(N,A,V,529,A,L,51,1),(N,A,K,527,A,K,49,1),(N,A,L,687,A,L,186,1),(N,A,R,526,A,R,48,1),(N,A,H,720,A,H,184,2),(N,A,A,721,A,A,183,2),(N,A,A,717,A,A,187,2),(N,A,A,717,A,A,183,2),(N,A,C,631,A,R,48,2)
1ash.43.HEM.301.A.A	A	(0,8,2,1.50555,2.68155,0.154639,0.210849,0.188477,2.28083,-0.11347,0.618475,0.777569,0.293461,0.768569,-0.568492,-0.949213,0.163679,-0.268708,-42.1874,-27.1014,51.5215),(1,11,1,2.24324,2.05722,0.152778,1.43434,22.9478,-1.56465,0.526099,-0.785923,-0.324877,-0.264204,0.212066,-0.940864,0.808341,0.580822,-0.0960758,46.8225,47.0575,-25.3744),(2,11,2,0.290992,2.22152,0.203704,1.22145,253.211,-1.90384,-0.252844,-0.918954,-0.302645,-0.261173,0.366025,-0.893205,0.931589,-0.146798,-0.332553,85.4412,65.5306,11.407)	(N,A,H,712,A,H,100,0),(N,A,T,713,A,D,99,0),(N,A,A,709,A,A,97,0),(N,A,A,710,A,A,97,0),(N,A,V,711,A,V,101,0),(N,A,H,720,A,H,96,1),(N,A,K,724,A,H,102,1),(N,A,N,723,A,D,99,1),(N,A,A,717,A,L,93,1),(N,A,A,721,A,A,97,1),(N,A,D,537,A,E,91,2),(N,A,H,534,A,Y,88,2),(N,A,S,533,A,A,87,2),(N,A,S,530,A,T,84,2),(N,A,V,538,A,L,92,2)
1axs.28.HOP.1006.H.H	H	(0,6,1,1.86065,2.06945,0.110092,0.742944,2.57119,0.0577098,0.620681,-0.606148,0.497332,-0.757142,-0.62815,0.179342,0.203692,-0.487865,-0.848821,-28.4942,5.9461,147.798)	(N,A,E,462,H,E,35,0),(N,A,D,490,H,G,1003,0),(N,A,H,489,H,H,96,0),(N,A,Q,491,H,D,101,0),(N,A,F,495,H,F,32,0),(N,A,Q,466,H,E,50,0)
1aqe.43.HEM.119.A.A	A	(0,10,2,2.51436,2.49611,0.131397,1.3802,0.00326367,3.12596,-0.492741,0.163773,-0.854625,0.83463,-0.188888,-0.51741,-0.246167,-0.968246,-0.0436171,85.4792,82.5092,65.4642),(1,12,1,2.8746,2.27087,0.149068,0.641016,533.84,-4.85204,0.526793,0.795164,-0.300339,0.348964,-0.524514,-0.776601,-0.775057,0.3043,-0.553794,3.82799,92.1411,96.8052)	(N,A,Q,491,A,H,33,0),(N,A,I,457,A,V,9,0),(N,A,D,490,A,H,33,0),(N,A,H,489,A,H,33,0),(N,A,H,493,A,H,30,0),(N,A,L,496,A,V,26,0),(N,A,F,495,A,F,28,0),(N,A,I,456,A,V,9,0),(N,A,D,671,A,E,52,1),(N,A,R,675,A,V,45,1),(N,A,R,675,A,T,44,1),(N,A,G,729,A,H,30,1),(N,A,R,675,A,T,48,1),(N,A,D,600,A,Q,39,1),(N,A,T,669,A,T,50,1),(N,A,V,670,A,I,51,1)
1ami.14.MIC.755.A.A	A	(0,5,1,0.627494,2.27094,0.0961538,0.473107,0.0443644,3.22563,0.555088,0.831735,0.0097222,0.817213,-0.5475,0.180016,0.155049,-0.0919798,-0.983616,-22.5142,-1.02477,158.41),(1,9,2,2.80144,3.91387,0.147494,1.42301,118.354,-3.6108,-0.84776,0.524521,-0.0786177,0.439421,0.611605,-0.657912,-0.297006,-0.592298,-0.74898,43.2568,66.6871,163.362)	(N,A,H,478,A,H,147,0),(N,A,H,534,A,H,167,0),(N,A,S,533,A,S,166,0),(N,A,R,682,A,R,644,0),(N,A,H,489,A,H,101,1),(N,A,E,462,A,D,165,1),(N,A,M,461,A,S,643,1),(N,A,T,465,A,S,643,1),(N,A,K,467,A,S,166,1),(N,A,V,487,A,I,425,1),(N,A,Q,466,A,H,167,1)
1b2v.43.HEM.200.A.A	A	(0,10,1,2.37201,2.64593,0.130719,1.36701,19.2962,-1.54643,0.899017,-0.274925,0.34086,-0.294265,-0.955709,0.00528446,0.32431,-0.105054,-0.940099,-30.1137,44.8113,101.667)	(N,A,H,489,A,H,32,0),(N,A,H,493,A,N,36,0),(N,A,E,462,A,N,41,0),(N,A,K,459,A,T,38,0),(N,A,Q,466,A,G,43,0),(N,A,I,469,A,I,57,0),(N,A,E,462,A,D,39,0),(N,A,V,487,A,M,140,0)
1akd.43.HEM.417.A.A	A	(0,5,1,0.932454,1.6705,0.10989,0.912275,8.12953,-0.474695,0.725487,0.148708,-0.671978,0.626965,0.259918,0.734409,0.283872,-0.954111,0.0953323,48.3307,-44.5984,28.4644),(1,6,1,2.42484,1.97923,0.125,1.39634,8.12953,-1.24808,0.739764,0.146057,-0.656823,0.656465,0.0575513,0.752158,0.147659,-0.987601,-0.0533069,46.9846,-39.0176,42.9922),(2,7,2,2.7454,2.29281,0.115702,0.950545,45.1732,-2.88549,0.660337,-0.150011,-0.735834,0.750612,0.101607,0.652884,-0.0231738,-0.983449,0.179695,66.9681,-34.504,27.5218),(3,7,1,2.68881,3.04846,0.0972222,1.06004,126.407,-3.88663,0.686449,0.686376,0.240157,-0.0513427,0.375182,-0.925528,-0.725363,0.622998,0.292784,-49.2731,76.8768,-37.7066),(4,7,1,1.62025,2.38732,0.0979021,0.953147,989.8,-5.43468,-0.0477953,-0.992073,0.116217,-0.625826,-0.0609394,-0.777579,0.778497,-0.109896,-0.617952,39.0288,95.1796,50.7452)	(N,A,R,441,A,R,299,0),(N,A,E,434,A,D,297,0),(N,A,P,431,A,P,86,0),(N,A,R,441,A,R,299,1),(N,A,R,441,A,S,83,1),(N,A,E,434,A,D,297,1),(N,A,P,431,A,P,86,1),(N,A,R,441,A,R,299,2),(N,A,I,456,A,L,320,2),(N,A,Y,420,A,E,76,2),(N,A,R,441,A,S,83,2),(N,A,P,431,A,P,86,2),(N,A,R,441,A,R,112,3),(N,A,K,430,A,H,355,3),(N,A,P,431,A,Q,108,3),(N,A,A,453,A,M,241,3),(N,A,L,427,A,L,356,3),(N,A,L,425,A,L,358,3),(N,A,H,485,A,P,122,4),(N,A,L,496,A,V,119,4),(N,A,L,484,A,V,123,4),(N,A,V,487,A,V,118,4),(N,A,D,565,A,E,366,4),(N,A,I,469,A,L,166,4)
1b23.32.GNP.406.P.P	P	(0,7,1,2.25838,2.70457,0.141414,1.27844,1.46302,0.479037,0.161758,0.957467,0.238937,0.33268,0.175043,-0.926652,-0.929063,0.229383,-0.290215,-52.2751,62.3331,83.1861),(1,6,1,2.47052,3.40373,0.131868,1.02137,5.76902,-0.946165,0.23369,0.761284,-0.604843,-0.781146,0.517408,0.349428,0.578965,0.390813,0.715587,-1.13988,13.0158,-32.8839),(2,6,1,2.76927,3.31111,0.121212,0.64506,251.013,-4.75432,0.518678,0.472125,-0.712791,-0.743063,0.661296,-0.102689,0.422884,0.582912,0.693818,7.30181,32.9991,-33.2322),(3,4,1,1.2125,2.80035,0.114286,0.658915,5500,-7.41898,-0.733382,-0.00596992,-0.67979,-0.529108,-0.622843,0.576291,-0.426843,0.782324,0.453624,81.5158,26.0898,0.738309)	(N,A,Q,619,P,Q,115,0),(N,A,A,652,P,A,86,0),(N,A,S,707,P,H,22,0),(N,A,I,703,P,V,20,0),(N,A,D,702,P,D,21,0),(N,A,D,702,P,D,139,1),(N,A,S,706,P,S,107,1),(N,A,S,707,P,A,109,1),(N,A,I,703,P,V,138,1),(N,A,L,704,P,V,141,1),(N,A,D,702,P,D,139,2),(N,A,Q,619,P,G,173,2),(N,A,S,707,P,A,109,2),(N,A,I,703,P,V,138,2),(N,A,L,704,P,V,141,2),(N,A,E,505,P,D,139,3),(N,A,L,506,P,V,138,3),(N,A,L,550,P,V,141,3)
1b8d.43.PEB.202.A.A	A	(0,9,2,2.84223,2.49975,0.124138,0.729086,1121.57,-5.87029,0.803281,-0.490595,0.337722,0.0588698,-0.498852,-0.864686,0.592684,0.714467,-0.371837,-0.354373,71.6611,-2.05951)	(N,A,K,572,A,R,137,0),(N,A,E,601,A,E,54,0),(N,A,V,538,A,D,143,0),(N,A,E,601,A,K,53,0),(N,A,H,536,A,V,51,0),(N,A,H,536,A,A,50,0),(N,A,Y,599,A,F,133,0)
1aq2.31.ATP.541.A.A	A	(0,6,1,2.4547,3.15602,0.0952381,0.465535,927.862,-5.93967,0.164682,0.136342,0.976878,0.499597,-0.865486,0.0365733,0.850461,0.482022,-0.210646,-72.75,35.7809,-22.6305),(1,10,1,2.50777,2.18817,0.13245,0.880511,2596.4,-6.47889,0.934388,0.351527,-0.0578666,-0.355097,0.905869,-0.230884,-0.0287423,0.236283,0.971259,-33.5715,10.5611,-69.2484)	(N,A,K,562,A,R,449,0),(N,A,T,553,A,T,441,0),(N,A,V,482,A,W,443,0),(N,A,L,559,A,T,455,0),(N,A,I,561,A,I,450,0),(N,A,S,691,A,E,297,1),(N,A,R,526,A,R,456,1),(N,A,D,689,A,A,296,1),(N,A,Y,683,A,S,258,1),(N,A,L,687,A,L,257,1),(N,A,W,686,A,T,256,1),(N,A,V,529,A,I,459,1)
1b7v.43.HEM.93.A.A	A	(0,7,1,2.85542,2.90362,0.111111,1.52711,244.52,-4.60465,0.833569,0.407358,-0.373123,-0.467903,0.161602,-0.86888,-0.293648,0.898857,0.325311,3.63479,94.5125,-29.4868)	(N,A,H,720,A,H,36,0),(N,A,N,723,A,I,33,0),(N,A,T,713,A,D,49,0),(N,A,N,723,A,C,35,0),(N,A,F,722,A,S,44,0),(N,A,A,717,A,A,47,0)
1ajp.12.OMD.210.A.B	B	(0,5,1,2.34497,3.43768,0.0990099,0.726373,1918.27,-6.80228,-0.0561182,-0.201656,0.977847,0.860775,0.486467,0.149721,-0.505883,0.850109,0.146281,-80.7159,-25.9139,14.6391)	(N,A,H,534,B,H,192,0),(N,A,K,473,B,D,74,0),(N,A,K,572,B,W,154,0),(N,A,V,538,B,I,177,0)
1aod.12.INS.296.A.A	A	(0,5,1,1.73607,2.12192,0.0980392,1.39661,21.6877,-2.04156,-0.625866,0.495986,-0.601905,0.779192,0.431206,-0.454885,0.0339287,-0.753697,-0.656345,81.6817,28.8346,90.9721),(1,6,1,1.62661,2.17158,0.109091,0.814292,43.0664,-2.46898,-0.583409,0.454694,-0.672969,0.806751,0.420069,-0.415566,0.0937383,-0.785363,-0.611897,86.614,25.2357,85.7033),(2,7,2,1.55045,1.59308,0.130841,1.29975,85.5195,-2.9472,-0.720296,0.614992,0.320871,-0.236119,0.217574,-0.947053,-0.652244,-0.757922,-0.0115066,-6.38668,115.723,58.7565)	(N,A,H,720,A,H,45,0),(N,A,R,727,A,R,84,0),(N,A,N,723,A,D,82,0),(N,A,R,543,A,L,175,0),(N,A,R,727,A,R,84,1),(N,A,H,720,A,H,45,1),(N,A,R,543,A,L,175,1),(N,A,H,489,A,H,236,2),(N,A,Q,491,A,D,278,2),(N,A,Q,466,A,R,124,2),(N,A,E,462,A,D,82,2),(N,A,V,487,A,L,234,2)
1b54.15.PLP.258.A.A	A	(0,9,1,2.55853,2.13218,0.155172,1.45249,6.87353,-0.738567,0.542463,-0.793574,0.275635,-0.444585,-0.549581,-0.707322,0.712796,0.261153,-0.650939,6.22182,119.422,11.721),(1,4,1,1.74643,2.38827,0.0833333,0.509704,836.877,-5.90156,0.579332,-0.126196,-0.805264,-0.622299,0.569575,-0.536962,0.526421,0.812194,0.251441,78.2499,61.0928,-45.3141)	(N,A,H,515,A,A,225,0),(N,A,E,520,A,D,243,0),(N,A,H,515,A,S,224,0),(N,A,L,698,A,M,223,0),(N,A,T,519,A,T,242,0),(N,A,S,517,A,S,224,0),(N,A,Y,523,A,F,245,0),(N,A,E,462,A,D,243,1),(N,A,V,487,A,A,225,1),(N,A,I,457,A,I,240,1)
1b48.20.GSH.223.B.B	B	(0,10,1,2.03042,1.42043,0.176991,1.23648,24.65,-1.63039,0.0975373,-0.786904,-0.609319,-0.350842,0.545747,-0.760966,0.931341,0.287997,-0.222848,121.282,81.0061,-17.1674)	(N,A,S,530,B,S,73,0),(N,A,R,526,B,R,69,0),(N,A,S,522,B,R,15,0),(N,A,E,685,B,Q,100,0),(N,A,V,529,B,L,72,0)
1b6a.27.TN4.480.A.A	A	(0,8,1,1.3217,2.86415,0.100629,1.48802,2.64696,0.662593,0.57,0.617495,0.542033,-0.575368,0.77092,-0.273192,-0.586559,-0.156149,0.794711,-60.2893,33.1417,-39.8007),(1,9,1,2.58324,2.27931,0.153846,0.497117,5.25622,-0.499576,0.866747,-0.49612,-0.051134,0.318904,0.472459,0.821634,-0.38347,-0.728456,0.567717,22.7534,-71.7571,-7.89741),(2,6,2,0.955609,3.04537,0.151899,1.12724,81.7293,-2.57233,0.394572,0.573913,-0.717592,-0.768844,0.633869,0.0842004,0.503183,0.518493,0.691356,51.4729,17.3157,-66.5646),(3,7,1,1.71181,3.23164,0.138614,0.941999,57.9982,-2.66062,-0.250101,-0.757887,-0.602542,-0.776699,-0.21452,0.592216,-0.57809,0.616107,-0.534999,98.3117,-0.594667,65.3957),(4,7,2,1.83418,3.35987,0.111193,0.918225,454.143,-4.7802,-0.114304,-0.782412,-0.612181,-0.772302,-0.317625,0.550149,-0.624887,0.535673,-0.567953,97.4558,5.93019,71.6643)	(N,A,I,456,A,I,338,0),(N,A,E,486,A,D,251,0),(N,A,Y,420,A,Y,444,0),(N,A,L,425,A,M,384,0),(N,A,Y,423,A,H,382,0),(N,A,H,489,A,H,331,1),(N,A,Q,466,A,D,251,1),(N,A,T,470,A,D,251,1),(N,A,E,462,A,E,459,1),(N,A,V,487,A,I,338,1),(N,A,H,485,A,Y,336,1),(N,A,H,485,A,H,375,2),(N,A,L,484,A,V,374,2),(N,A,M,498,A,L,447,2),(N,A,H,493,A,H,375,3),(N,A,A,463,A,H,231,3),(N,A,I,457,A,V,374,3),(N,A,I,456,A,V,373,3),(N,A,I,456,A,V,373,4),(N,A,H,493,A,H,375,4),(N,A,I,457,A,V,374,4),(N,A,A,463,A,H,231,4),(N,A,E,468,A,L,328,4)
1aor.52.PTE.609.A.A	A	(0,5,1,1.1369,2.40389,0.15873,0.793848,67.4809,-2.73807,-0.763521,-0.193375,0.616151,-0.396394,-0.612885,-0.683552,0.509812,-0.766145,0.391298,19.3211,78.305,-6.03139),(1,6,1,2.53786,2.73745,0.12766,1.02683,134.001,-4.04112,-0.864834,-0.229111,0.446732,-0.302482,-0.472401,-0.827854,0.400707,-0.851085,0.339247,36.4395,85.3171,2.56011)	(N,A,H,493,A,H,448,0),(N,A,F,495,A,Y,427,0),(N,A,L,492,A,I,449,0),(N,A,H,493,A,H,448,1),(N,A,R,441,A,S,314,1),(N,A,F,495,A,Y,427,1),(N,A,L,492,A,I,449,1)
1b3o.43.SAE.600.A.A	A	(0,12,3,1.8237,1.75886,0.147735,0.942386,215.073,-3.48926,-0.150262,0.965678,-0.211867,-0.296372,-0.248443,-0.922193,-0.943178,-0.0757793,0.323532,-21.6813,133.553,-8.26952),(1,9,2,2.51713,2.53145,0.119675,0.993077,2373.16,-6.49808,0.417705,-0.553228,-0.720737,0.57354,-0.454684,0.681406,-0.70468,-0.697998,0.127374,51.0132,-17.2372,43.9187)	(N,A,E,462,A,D,256,0),(N,A,K,459,A,R,259,0),(N,A,H,489,A,H,93,0),(N,A,Q,466,A,T,252,0),(N,A,E,462,A,K,257,0),(N,A,I,469,A,T,252,0),(N,A,H,712,A,P,69,1),(N,A,H,712,A,S,68,1),(N,A,K,511,A,N,303,1),(N,A,E,505,A,D,274,1),(N,A,L,506,A,L,273,1),(N,A,E,548,A,H,93,1),(N,A,L,550,A,I,250,1),(N,A,E,508,A,N,303,1)
1boz.48.NDP.187.A.A	A	(0,5,1,0.899115,1.602,0.0952381,1.55883,20.7462,-1.34021,0.589,-0.806581,-0.0500637,0.452095,0.277523,0.847698,-0.669843,-0.521927,0.528112,36.4782,-65.6852,29.9241)	(N,A,I,703,A,V,74,0),(N,A,V,711,A,L,79,0),(N,A,S,707,A,S,76,0),(N,A,L,704,A,L,89,0)
1bbh.43.HEM.132.A.A	A	(0,9,1,2.06872,2.51845,0.145161,1.19401,0.0851631,2.40439,0.980007,-0.193876,0.0446972,-0.181635,-0.963487,-0.196726,0.0812055,0.184674,-0.979439,-2.79966,108.769,131.504),(1,9,1,2.93832,2.39195,0.0983607,1.30981,0.238309,1.61891,-0.808656,0.201267,-0.552781,-0.32983,-0.933188,0.142731,-0.487122,0.297744,0.821012,86.0869,82.3832,-25.1899),(2,8,1,1.17413,1.94162,0.158416,0.87,1.86603,1.07288,0.989025,-0.0722873,0.128857,-0.0479072,-0.981919,-0.183139,0.139766,0.174956,-0.974605,-13.7774,103.475,129.326)	(N,A,D,544,A,D,83,0),(N,A,L,506,A,V,92,0),(N,A,E,505,A,E,90,0),(N,A,E,548,A,E,90,0),(N,A,P,547,A,R,89,0),(N,A,K,546,A,K,86,0),(N,A,L,545,A,V,84,0),(N,A,F,488,A,F,77,1),(N,A,A,453,A,T,71,1),(N,A,Y,423,A,Y,58,1),(N,A,K,483,A,R,72,1),(N,A,L,496,A,V,73,1),(N,A,Q,450,A,Q,13,1),(N,A,Q,450,A,A,14,1),(N,A,V,497,A,V,73,1),(N,A,D,544,A,D,83,2),(N,A,E,548,A,E,90,2),(N,A,P,547,A,R,89,2),(N,A,K,546,A,K,86,2),(N,A,L,545,A,V,84,2)
1aln.17.CTD.295.A.A	A	(0,9,1,0.783792,3.07611,0.131387,1.53645,0.534831,2.49364,0.119627,-0.498718,-0.858469,0.99192,0.0968314,0.0819702,0.0422468,-0.861339,0.506272,126.885,1.73805,-11.6297),(1,13,2,2.38777,1.70784,0.146788,0.41262,65.1177,-2.48924,-0.784542,-0.346421,0.514282,-0.562937,0.0501618,-0.824976,0.259992,-0.936737,-0.234367,58.9218,142.734,56.0657)	(N,A,H,478,A,H,131,0),(N,A,G,477,A,G,130,0),(N,A,S,533,A,T,100,0),(N,A,V,532,A,V,101,0),(N,A,E,518,A,E,91,1),(N,A,H,515,A,Q,99,1),(N,A,S,517,A,Q,99,1),(N,A,T,519,A,V,101,1),(N,A,S,695,A,T,100,1),(N,A,V,656,A,L,68,1),(N,A,S,657,A,S,69,1),(N,A,S,517,A,T,100,1),(N,A,L,693,A,H,102,1)
1b4u.11.DHB.503.B.B	B	(0,6,1,2.27959,2.2627,0.115385,1.12305,8.42926,-1.22052,0.403047,-0.576781,0.710547,-0.776512,-0.626419,-0.0680269,0.484337,-0.52433,-0.700354,-8.80124,91.9545,78.7637)	(N,A,H,489,B,Q,196,0),(N,A,H,489,B,H,195,0),(N,A,E,462,B,E,242,0),(N,A,Q,466,B,H,61,0),(N,A,V,487,B,L,197,0)
1bcc.49.PEE.198.E.E	E	(0,9,1,0.0953209,1.09928,0.214286,0.313551,121.478,-0.256102,0.605885,-0.614939,-0.504731,0.611459,0.765832,-0.199049,0.508941,-0.188021,0.840016,88.702,96.0925,-34.8385),(1,5,1,0.977972,2.51278,0.138889,0.759869,339.927,-4.19849,0.39886,-0.853096,-0.33636,0.787642,0.13087,0.602075,-0.469608,-0.505075,0.724133,85.7713,34.4719,12.9274)	(N,A,I,469,E,V,39,0),(N,A,T,470,E,T,40,0),(N,A,L,472,E,V,42,0),(N,A,T,470,E,T,40,1),(N,A,L,472,E,V,39,1),(N,A,L,474,E,V,42,1)
1bnw.19.TPD.555.A.A	A	(0,3,1,0.96777,3.23756,0.0810811,0.517919,14.3794,-1.56823,-0.411967,-0.0934044,-0.906399,0.731763,0.558822,-0.39018,0.54296,-0.824011,-0.161866,74.6366,6.03023,50.4895),(1,7,2,1.30328,2.66956,0.106478,1.1901,79.9014,-2.70599,-0.899783,0.0631231,-0.431749,0.0265574,0.995569,0.0902089,0.43553,0.0697023,-0.897472,35.9981,-39.8065,81.9275),(2,5,1,1.36876,2.85067,0.125,0.730516,79.9014,-3.09149,-0.432555,0.802063,-0.411815,0.414968,-0.228399,-0.880702,-0.800436,-0.551842,-0.234035,14.7925,64.5442,67.9258),(3,6,1,2.09486,3.48811,0.129032,0.713927,1750.74,-6.4158,-0.861784,-0.409759,0.29904,-0.488348,0.82967,-0.270486,-0.137271,-0.379137,-0.915102,9.78926,8.04104,96.958)	(N,A,I,456,A,V,121,0),(N,A,H,493,A,H,119,0),(N,A,I,457,A,V,143,0),(N,A,H,493,A,H,94,1),(N,A,D,490,A,N,67,1),(N,A,R,441,A,L,141,1),(N,A,L,427,A,V,135,1),(N,A,I,456,A,V,121,1),(N,A,F,568,A,H,94,2),(N,A,N,549,A,N,62,2),(N,A,D,544,A,N,67,2),(N,A,L,545,A,L,60,2),(N,A,D,565,A,N,62,3),(N,A,K,546,A,H,94,3),(N,A,N,549,A,N,67,3),(N,A,E,505,A,I,91,3),(N,A,I,564,A,L,60,3)
1bm6.11.MSB.3.A.A	A	(0,11,1,2.46441,3.42425,0.123596,1.09583,0.158485,2.18368,0.398955,0.374003,0.837232,0.913875,-0.237127,-0.329549,0.0752785,0.896601,-0.436395,-94.4532,23.2498,6.83538),(1,11,1,1.33521,2.28273,0.124294,0.989085,0.624944,2.06336,-0.687052,-0.411055,-0.59916,0.408543,0.463371,-0.786371,0.600875,-0.785061,-0.150426,92.3383,39.346,5.28201),(2,8,1,2.45131,1.89829,0.1,1.24409,76.0893,-3.15562,-0.733212,0.595698,-0.327939,0.644568,0.455203,-0.614266,-0.216638,-0.661767,-0.717728,16.0274,30.0805,79.0425)	(N,A,D,490,A,H,205,0),(N,A,H,493,A,H,166,0),(N,A,H,489,A,H,211,0),(N,A,N,464,A,N,194,0),(N,A,S,458,A,A,165,0),(N,A,I,439,A,D,158,0),(N,A,I,456,A,V,163,0),(N,A,I,457,A,L,164,0),(N,A,H,536,A,H,201,1),(N,A,D,537,A,E,202,1),(N,A,M,678,A,L,164,1),(N,A,V,529,A,L,195,1),(N,A,V,532,A,L,197,1),(N,A,L,605,A,L,222,1),(N,A,W,606,A,Y,223,1),(N,A,S,436,A,G,159,2),(N,A,S,458,A,A,165,2),(N,A,H,493,A,H,201,2),(N,A,I,457,A,V,198,2),(N,A,C,440,A,N,194,2),(N,A,I,456,A,L,197,2)
