1a2s.43.HEC.90.A.A	A	(0,4,1,1.29788,2.76465,0.0930233,0.178478,164.155,-3.97828,-0.193015,-0.366251,0.910278,-0.337069,0.896014,0.28904,-0.921482,-0.251037,-0.296396,-26.742,-10.1859,33.0936)	(N,A,C,310,A,N,25,0),(N,A,P,313,A,P,28,0),(N,A,Y,315,A,H,30,0)
16pk.39.BIS.499.A.A	A	(0,8,1,2.60044,3.48604,0.119403,0.879653,12.4841,-1.43947,0.863262,-0.423175,0.275139,0.270911,-0.0714862,-0.959946,0.425894,0.903224,0.0529313,-47.1426,82.6809,-23.7113)	(N,A,H,265,A,H,288,0),(N,A,R,328,A,P,285,0),(N,A,R,328,A,I,317,0),(N,A,E,397,A,G,342,0),(N,A,W,332,A,Y,245,0),(N,A,G,393,A,G,241,0),(N,A,A,329,A,A,244,0)
1a2i.43.HEC.108.A.A	A	(0,6,1,1.05397,1.97603,0.111111,1.26507,3.21878,0.431877,0.399102,0.833089,0.382988,0.911704,-0.404996,-0.0691029,0.0975397,0.376751,-0.921165,-14.7491,-8.98719,5.52908)	(N,A,E,228,A,E,12,0),(N,A,A,177,A,V,18,0),(N,A,T,211,A,T,14,0),(N,A,A,212,A,A,13,0)
1a27.20.EST.350.A.A	A	(0,5,1,1.54038,4.22587,0.114943,1.23298,33.8068,-2.35786,-0.545384,-0.710149,0.445247,-0.786533,0.617192,0.020966,-0.289692,-0.338767,-0.895162,10.7531,2.84355,0.508901),(1,5,1,2.1278,5.33829,0.0892857,0.812003,373.031,-5.06865,-0.163755,-0.841375,0.515045,0.862047,-0.375891,-0.339973,0.479646,0.388321,0.786859,7.25238,-11.7244,-22.4397)	(N,A,M,446,A,M,193,0),(N,A,L,155,A,V,196,0),(N,A,L,156,A,L,197,0),(N,A,I,165,A,L,95,0),(N,A,T,433,A,K,223,1),(N,A,L,156,A,V,196,1),(N,A,I,165,A,L,96,1),(N,A,M,178,A,L,95,1),(N,A,L,155,A,L,197,1)
1a1c.10.DIX.103.C.A	A	(0,4,1,1.35156,3.68794,0.0824742,1.17629,34.8528,-2.48027,0.280739,0.667236,0.689914,0.119365,0.688969,-0.714894,-0.952333,0.28305,0.113776,19.1448,9.57046,16.7477)	(N,A,E,198,A,S,219,0),(N,A,T,195,A,T,218,0),(N,A,F,469,A,Y,233,0),(N,A,V,192,A,I,217,0)
1a05.12.IPM.401.A.A	A	(0,5,1,2.92749,3.27375,0.0819672,0.68957,2596.47,-7.32681,-0.361289,0.281237,-0.889031,-0.33869,-0.927894,-0.155892,-0.868769,0.244784,0.43049,17.0962,43.9574,57.7423)	(N,A,N,199,A,N,103,0),(N,A,F,472,A,R,95,0),(N,A,Q,203,A,R,133,0),(N,A,L,213,A,V,131,0)
1a2b.32.GSP.538.A.A	A	(0,7,1,2.70702,2.95955,0.08,1.22037,0.683832,0.845939,-0.253234,0.858874,0.445206,-0.81603,0.0575272,-0.57514,-0.519584,-0.508946,0.686299,0.167455,50.39,26.2109),(1,4,1,1.07392,1.96431,0.140351,0.495156,10.6329,-1.09426,0.9533,-0.0609082,-0.29582,-0.254548,-0.689187,-0.678399,-0.162555,0.722019,-0.672506,17.6517,45.7317,56.8373)	(N,A,R,273,A,K,118,0),(N,A,K,297,A,S,160,0),(N,A,L,196,A,L,22,0),(N,A,D,190,A,Q,29,0),(N,A,T,195,A,T,19,0),(N,A,G,294,A,G,17,0),(N,A,V,192,A,I,23,0),(N,A,D,274,A,D,124,1),(N,A,E,314,A,D,87,1),(N,A,T,312,A,T,127,1)
1a0i.31.ATP.1.A.A	A	(0,10,2,1.77787,2.26743,0.158009,0.316618,5.27182,-0.0233075,-0.0217396,-0.99374,0.109582,-0.997885,0.0282852,0.0585358,-0.0612689,-0.108078,-0.992253,21.8849,3.18751,72.549)	(N,A,T,197,A,S,13,0),(N,A,F,293,A,F,14,0),(N,A,K,297,A,N,243,0),(N,A,E,298,A,E,242,0),(N,A,R,200,A,K,238,0),(N,A,L,196,A,V,12,0)
1a80.48.NDP.300.A.A	A	(0,5,1,2.41237,2.54237,0.0970874,0.79111,1014.54,-6.19385,-0.228083,0.965285,0.127292,0.553913,0.0211256,0.832307,0.800724,0.260344,-0.539502,-4.01361,-29.4567,-8.2484)	(N,A,L,196,A,P,214,0),(N,A,R,200,A,A,215,0),(N,A,T,197,A,T,213,0),(N,A,E,298,A,E,237,0),(N,A,E,298,A,E,241,0)
1a54.28.MDC.323.A.A	A	(0,7,1,1.3468,1.81528,0.153846,0.930041,13.6074,-0.9981,-0.0313496,-0.72782,-0.685052,-0.88446,0.339448,-0.320165,0.465562,0.595864,-0.654369,19.0798,49.466,16.9379)	(N,A,E,169,A,D,292,0),(N,A,Y,176,A,Y,196,0),(N,A,K,214,A,K,200,0)
148l.18.MUB.165.S.E	E	(0,10,4,0.631906,1.59444,0.160182,0.698686,4.87329,1.08306,-0.0681737,-0.827953,-0.556639,0.23319,-0.555706,0.798006,-0.970038,-0.0753998,0.230955,17.5828,29.4489,59.9982),(1,9,1,2.59292,3.41964,0.125,1.05041,3.45828,-0.126011,0.263103,0.52197,-0.811372,-0.962487,0.199803,-0.183569,0.0662968,0.829233,0.554958,12.5549,80.1682,14.6605)	(N,A,D,285,E,E,22,0),(N,A,K,284,E,T,21,0),(N,A,D,283,E,D,20,0),(N,A,E,228,E,E,11,0),(N,A,H,287,E,Y,24,0),(N,A,D,262,E,D,70,1),(N,A,C,296,E,T,34,1),(N,A,V,270,E,L,32,1),(N,A,H,265,E,H,31,1),(N,A,V,271,E,L,33,1),(N,A,K,268,E,E,26,1)
1a2t.25.THP.151.A.A	A	(0,7,1,1.88761,2.77477,0.137255,0.753381,0.0933358,2.21108,-0.366649,-0.151214,0.917989,0.126229,0.969494,0.210114,-0.921757,0.192915,-0.336376,-11.577,4.62166,35.589),(1,7,1,2.7581,2.31699,0.111111,0.492509,8.06431,-1.2151,-0.481932,-0.847516,0.222389,0.394413,0.0168096,0.91878,-0.782419,0.530503,0.32617,8.68202,-9.76542,19.1409)	(N,A,L,277,A,T,44,0),(N,A,D,292,A,D,40,0),(N,A,T,312,A,T,22,0),(N,A,D,274,A,D,21,0),(N,A,N,279,A,T,41,0),(N,A,E,278,A,E,43,0),(N,A,D,292,A,D,40,1),(N,A,T,291,A,T,41,1),(N,A,E,278,A,D,21,1),(N,A,N,279,A,D,21,1),(N,A,K,158,A,H,46,1),(N,A,N,279,A,R,35,1),(N,A,E,234,A,D,19,1)
1a31.20.5IU.9.C.A	A	(0,7,1,2.0577,2.23701,0.130841,0.300322,1.50217,0.551464,0.248423,-0.966671,-0.0619192,0.849492,0.248133,-0.46561,0.465456,0.0630681,0.882821,4.81601,-22.9412,2.0248)	(N,A,Y,215,A,Y,444,0),(N,A,K,214,A,K,443,0),(N,A,A,476,A,T,591,0),(N,A,F,150,A,F,752,0)
1a7v.43.HEM.150.A.A	A	(0,10,1,2.65834,2.62021,0.15748,0.195764,0.480219,1.44329,-0.683243,0.716328,-0.141613,-0.493672,-0.310262,0.81242,0.538022,0.62499,0.565615,21.2164,29.2987,-25.1155),(1,9,1,2.41857,4.09598,0.102273,0.516624,1281.12,-5.84183,-0.214206,-0.862524,-0.458441,-0.513873,-0.299629,0.803839,-0.830692,0.407768,-0.379046,59.979,29.8871,31.7321)	(N,A,E,191,A,D,80,0),(N,A,K,183,A,K,77,0),(N,A,D,190,A,D,79,0),(N,A,A,193,A,A,83,0),(N,A,V,192,A,L,81,0),(N,A,E,298,A,D,47,1),(N,A,L,202,A,I,11,1),(N,A,H,265,A,P,52,1),(N,A,V,201,A,I,11,1),(N,A,N,269,A,S,48,1),(N,A,V,270,A,L,51,1),(N,A,S,205,A,K,9,1)
1a4i.48.NDP.302.A.A	A	(0,10,1,2.91307,3.13033,0.16,1.22759,4.46893,-0.366437,0.443668,-0.0956074,0.891077,0.753725,-0.498091,-0.428723,0.484826,0.861838,-0.148926,-34.6426,58.7459,24.3013)	(N,A,T,291,A,Y,240,0),(N,A,D,274,A,Q,218,0),(N,A,T,312,A,G,217,0),(N,A,G,311,A,T,216,0),(N,A,D,274,A,D,255,0),(N,A,T,312,A,T,216,0),(N,A,N,279,A,N,239,0),(N,A,L,295,A,M,221,0)
1a2n.50.TET.420.A.A	A	(0,7,1,1.10182,2.18489,0.132075,0.752783,0.205082,2.42043,-0.268937,0.460171,-0.846118,-0.954207,-0.0078079,0.299046,0.131006,0.887796,0.441198,60.5085,30.0428,56.302),(1,7,1,1.15039,2.31253,0.14433,0.520576,3.18883,0.506675,-0.356892,0.49739,-0.790716,-0.926417,-0.0797989,0.367944,0.119913,0.863849,0.48927,62.0385,27.4394,55.4722),(2,9,1,2.66039,3.16102,0.116883,0.315799,8.92321,-1.02348,0.0300313,-0.907339,0.419326,0.203686,-0.405157,-0.891268,0.978576,0.112177,0.172645,36.3755,28.8037,23.1582),(3,10,1,2.57059,2.53875,0.194175,1.21258,12.5743,-1.21171,-0.0103363,0.963602,0.26714,-0.254634,-0.260884,0.931183,0.966982,-0.0583979,0.248062,45.8068,4.17296,-13.2416),(4,9,2,1.92846,2.31591,0.120471,0.797037,17.7193,-1.36173,-0.524229,0.850389,-0.0449779,0.79827,0.472334,-0.373719,-0.296562,-0.231819,-0.926451,34.1741,-6.21388,73.2236)	(N,A,T,433,A,T,304,0),(N,A,R,436,A,R,371,0),(N,A,V,429,A,I,233,0),(N,A,D,434,A,D,305,0),(N,A,Q,428,A,E,234,0),(N,A,R,436,A,R,371,1),(N,A,D,434,A,D,305,1),(N,A,Q,428,A,E,234,1),(N,A,V,429,A,I,233,1),(N,A,Y,474,A,Y,399,2),(N,A,Q,203,A,E,234,2),(N,A,E,198,A,E,190,2),(N,A,A,212,A,D,305,2),(N,A,L,202,A,I,233,2),(N,A,N,199,A,D,231,2),(N,A,H,415,A,H,125,3),(N,A,S,259,A,E,130,3),(N,A,V,416,A,I,126,3),(N,A,V,412,A,V,122,3),(N,A,R,200,A,R,232,4),(N,A,E,298,A,E,190,4),(N,A,I,300,A,T,194,4),(N,A,N,204,A,D,231,4),(N,A,T,197,A,T,258,4),(N,A,N,269,A,P,27,4)
1a56.43.HEC.82.A.A	A	(0,4,1,2.44413,3.40233,0.0869565,1.33901,19.0797,-2.48167,-0.78223,0.0119848,0.622875,-0.50229,-0.603589,-0.619181,0.368539,-0.797206,0.478165,13.0647,28.7962,-37.9925),(1,6,1,2.95773,3.73492,0.110092,1.53237,6500.43,-8.07236,-0.75378,0.366204,0.545628,-0.656984,-0.437301,-0.614117,0.0137113,-0.821378,0.570219,17.3397,35.7206,-29.0553)	(N,A,H,415,A,H,14,0),(N,A,K,419,A,D,27,0),(N,A,L,421,A,L,25,0),(N,A,W,413,A,Q,15,1),(N,A,H,415,A,Q,15,1),(N,A,L,421,A,L,25,1),(N,A,K,419,A,D,27,1),(N,A,K,420,A,P,23,1)
1a72.44.PAD.378.A.A	A	(0,6,1,2.28142,2.63002,0.103448,0.377188,0.364376,1.24479,0.535036,0.839104,0.0981826,-0.180098,0.226829,-0.957138,-0.825409,0.494421,0.272483,-21.3121,35.562,37.4878),(1,8,1,1.79248,2.90335,0.205128,0.691584,1.43682,0.857678,-0.744858,-0.457797,-0.485395,-0.304979,0.880643,-0.362569,0.593443,-0.122027,-0.795572,24.3082,11.6049,51.5628),(2,8,1,2.7411,2.87104,0.150943,1.23759,489.522,-5.12337,0.788548,0.585182,-0.189088,0.501328,-0.789767,-0.353466,-0.356177,0.183929,-0.916137,-5.151,-11.0003,48.4183)	(N,A,T,305,A,T,274,0),(N,A,I,300,A,I,269,0),(N,A,E,298,A,E,267,0),(N,A,M,306,A,M,275,0),(N,A,H,354,A,H,51,1),(N,A,P,313,A,P,296,1),(N,A,E,314,A,D,297,1),(N,A,T,312,A,S,298,1),(N,A,E,169,A,D,273,2),(N,A,E,432,A,V,294,2),(N,A,T,172,A,T,274,2),(N,A,Y,176,A,R,271,2),(N,A,R,174,A,R,271,2)
1ad4.22.HH2.271.A.A	A	(0,7,1,2.86877,2.58866,0.108527,0.829849,11.1488,-1.56256,0.744251,0.519177,-0.420174,0.499769,-0.0155522,0.866019,0.443082,-0.854525,-0.271043,19.2288,-18.6679,29.3712)	(N,A,T,211,A,T,200,0),(N,A,N,231,A,R,202,0),(N,A,A,230,A,S,201,0),(N,A,A,212,A,A,199,0),(N,A,L,210,A,I,170,0),(N,A,Y,229,A,H,241,0)
1abw.43.HEM.284.A.A	A	(0,11,1,2.76962,3.14513,0.160584,0.984959,1036.52,-5.56492,-0.564764,0.345129,-0.749619,-0.0684763,-0.924816,-0.3742,-0.822407,-0.160004,0.545936,34.8439,46.1872,41.2277),(1,10,1,2.72552,1.77606,0.107527,0.960471,1036.52,-5.64418,0.190493,0.973503,-0.12651,-0.306182,-0.0635227,-0.949851,-0.932719,0.219675,0.285969,2.173,45.1315,39.7998)	(N,A,T,197,A,T,134,0),(N,A,E,298,A,T,137,0),(N,A,L,202,A,S,138,0),(N,A,A,193,A,A,130,0),(N,A,R,200,A,L,136,0),(N,A,L,196,A,V,132,0),(N,A,T,195,A,S,131,0),(N,A,T,195,A,T,134,1),(N,A,Q,203,A,H,87,1),(N,A,E,198,A,T,137,1),(N,A,L,196,A,V,132,1),(N,A,T,197,A,S,133,1),(N,A,V,201,A,H,87,1),(N,A,A,193,A,S,131,1),(N,A,L,295,A,V,96,1)
1afs.21.TES.325.B.B	B	(0,6,1,1.09218,1.8725,0.16,0.443231,13.5226,-0.936669,-0.710589,-0.70147,0.0548016,-0.702491,0.70292,-0.111399,0.0396217,-0.117656,-0.992264,-15.6398,79.5141,12.28)	(N,A,D,274,B,D,224,0),(N,A,T,312,B,T,226,0),(N,A,Y,315,B,W,227,0)
1ahz.14.EPT.602.A.A	A	(0,5,1,0.886182,2.81473,0.121951,1.12847,23.4844,-1.44699,0.328156,-0.89645,0.297811,-0.640513,0.0205622,0.767672,-0.694303,-0.442668,-0.56744,101.952,38.6714,84.9947),(1,4,1,1.33129,2.18322,0.131148,0.649458,1439.91,-6.17254,-0.288986,-0.67677,0.677104,0.61532,-0.673143,-0.410194,0.733395,0.298095,0.610959,128.926,35.173,50.7673)	(N,A,S,240,A,T,457,0),(N,A,R,241,A,R,312,0),(N,A,D,439,A,D,170,0),(N,A,A,171,A,T,459,1),(N,A,E,169,A,T,310,1),(N,A,K,214,A,R,398,1),(N,A,T,172,A,T,457,1)
1a8t.34.061.250.A.A	A	(0,10,1,2.39156,3.81267,0.135135,1.11443,0.0286172,2.70655,0.098032,-0.270352,0.957758,-0.975867,-0.214811,0.0392495,0.195126,-0.938491,-0.284886,-6.80074,41.1823,16.4707)	(N,A,D,190,A,N,176,0),(N,A,I,186,A,I,174,0),(N,A,H,194,A,H,145,0),(N,A,L,181,A,I,221,0),(N,A,V,192,A,I,177,0),(N,A,F,469,A,Y,225,0),(N,A,A,193,A,A,180,0)
1a8a.16.GSE.997.A.A	A	(0,7,1,1.73107,2.51973,0.0979021,0.429172,37.7213,-2.24617,0.299934,-0.395561,0.868085,-0.625756,-0.768432,-0.133945,0.720048,-0.503035,-0.478003,1.18362,72.0571,17.1083)	(N,A,T,195,A,T,227,0),(N,A,V,192,A,I,223,0),(N,A,L,181,A,L,231,0),(N,A,A,193,A,T,222,0),(N,A,T,197,A,E,226,0),(N,A,I,186,A,L,235,0)
1a4e.43.HEM.503.A.A	A	(0,8,1,1.99117,2.30285,0.1,1.08893,228.261,-4.04196,0.57696,-0.816743,0.00690895,-0.551489,-0.395792,-0.734308,0.602476,0.419856,-0.678781,110.749,59.976,29.553)	(N,A,T,211,A,D,357,0),(N,A,L,202,A,R,360,0),(N,A,Y,229,A,S,354,0),(N,A,R,206,A,R,362,0),(N,A,A,212,A,A,358,0),(N,A,A,476,A,A,330,0)
1a9x.9.ORN.1920.A.A	A	(0,8,1,1.46649,2.72925,0.110345,0.598919,16.2548,-1.12182,-0.976582,0.210468,-0.0446111,0.17393,0.894391,0.412085,0.12663,0.394675,-0.910053,41.9205,-8.29691,68.4676),(1,7,1,1.7933,3.19374,0.126126,0.755433,501.893,-4.85753,-0.815659,0.515131,0.263326,-0.0827418,0.346612,-0.934352,-0.572586,-0.783901,-0.240094,54.1834,16.7816,69.4592)	(N,A,K,189,A,K,891,0),(N,A,E,191,A,E,892,0),(N,A,G,311,A,T,1042,0),(N,A,E,198,A,S,937,0),(N,A,T,195,A,S,935,0),(N,A,F,161,A,F,928,0),(N,A,E,169,A,E,892,1),(N,A,G,173,A,S,935,1),(N,A,R,174,A,Q,932,1),(N,A,A,476,A,T,1043,1),(N,A,S,477,A,T,1043,1),(N,A,Y,176,A,F,928,1)
1agm.44.ACR.495.A.A	A	(0,7,1,2.39899,2.59756,0.115702,0.823542,1.28407,0.519087,-0.218389,-0.12731,0.967522,-0.904254,-0.346385,-0.249686,0.366922,-0.929414,-0.0394742,37.0615,45.8272,-1.64841)	(N,A,E,169,A,E,400,0),(N,A,L,213,A,Y,306,0),(N,A,R,206,A,R,241,0),(N,A,Y,215,A,Y,311,0),(N,A,Y,176,A,W,317,0)
1a4q.28.DPC.466.B.B	B	(0,9,2,2.37095,3.2081,0.136738,0.867252,0.191345,1.93757,0.744683,-0.516727,0.422423,0.0808792,-0.558389,-0.825627,0.6625,0.648995,-0.37403,31.9363,54.2009,-34.5256),(1,7,2,2.03759,3.08398,0.115702,1.13175,4.1926,-0.308041,0.548761,-0.794078,0.261346,0.62394,0.597107,0.504144,-0.556381,-0.11359,0.823126,-7.10286,5.3167,-52.5289),(2,8,2,2.35572,2.25434,0.11778,1.04598,129.453,-3.64458,-0.737099,0.225946,-0.636894,0.444554,0.87194,-0.205166,0.508976,-0.434361,-0.743151,55.4651,10.5113,-22.7526),(3,11,1,2.83211,3.06257,0.136646,1.12195,1428.41,-5.9078,-0.00740319,0.973468,-0.228702,0.73618,-0.149476,-0.660073,-0.676746,-0.173252,-0.715541,28.11,33.8667,11.8892)	(N,A,R,222,B,R,146,0),(N,A,T,219,B,T,145,0),(N,A,R,466,B,R,115,0),(N,A,D,221,B,H,438,0),(N,A,H,220,B,H,438,0),(N,A,T,195,B,R,149,0),(N,A,E,247,B,E,275,1),(N,A,P,374,B,R,115,1),(N,A,D,248,B,E,274,1),(N,A,R,251,B,R,291,1),(N,A,G,410,B,G,345,1),(N,A,E,298,B,E,274,2),(N,A,N,204,B,S,177,2),(N,A,N,204,B,E,225,2),(N,A,L,196,B,I,220,2),(N,A,R,200,B,R,222,2),(N,A,A,193,B,N,219,2),(N,A,S,396,B,S,248,3),(N,A,K,400,B,R,291,3),(N,A,D,302,B,N,219,3),(N,A,D,302,B,G,242,3),(N,A,R,328,B,R,222,3),(N,A,N,269,B,R,149,3),(N,A,S,396,B,H,272,3),(N,A,D,398,B,E,274,3)
1ady.33.HAM.423.A.A	A	(0,5,1,2.15066,2.60458,0.138889,0.411951,549.731,-5.46667,-0.0562325,-0.989554,-0.132743,0.531279,-0.142224,0.835174,-0.845329,-0.0235595,0.533727,37.7365,-21.552,37.681)	(N,A,E,375,A,E,310,0),(N,A,R,406,A,G,308,0),(N,A,A,376,A,A,313,0)
1af0.15.0Z9.674.A.A	A	(0,10,1,2.64189,2.41384,0.217391,1.01146,55.7516,-2.69872,0.541724,0.835074,-0.0958469,0.477883,-0.212172,0.852415,0.691493,-0.507577,-0.514006,-20.694,20.1334,39.9898)	(N,A,R,222,A,Y,135,0),(N,A,D,221,A,E,177,0),(N,A,T,219,A,T,173,0),(N,A,H,220,A,H,176,0)
1all.43.CYC.175.A.A	A	(0,7,1,1.50214,3.92132,0.0765027,0.90661,10.2745,-0.837446,0.846449,0.374407,-0.378606,0.100378,0.586089,0.804005,0.522922,-0.718553,0.458513,17.437,27.9897,3.74513),(1,6,1,1.62462,2.51849,0.109091,1.56927,159.759,-3.7703,0.232857,0.958787,-0.162803,0.649258,-0.277899,-0.707981,-0.724046,0.0591567,-0.687211,15.4897,28.7309,54.9541),(2,4,1,2.53222,2.33312,0.0761905,1.1405,629.968,-5.98926,0.15309,-0.918308,0.365066,-0.829062,-0.320392,-0.458264,0.537792,-0.232507,-0.810383,37.7438,40.3139,16.6522),(3,7,2,2.36397,2.93167,0.112903,1.00644,1250.96,-6.0465,0.299386,0.939341,-0.167351,0.784737,-0.342185,-0.516814,-0.54273,0.0234003,-0.839581,13.3127,20.8067,53.1212)	(N,A,Y,152,A,Y,91,0),(N,A,K,168,A,R,86,0),(N,A,I,180,A,V,115,0),(N,A,T,146,A,A,128,0),(N,A,M,147,A,I,129,0),(N,A,K,268,A,R,86,1),(N,A,S,266,A,L,88,1),(N,A,E,267,A,D,87,1),(N,A,Y,263,A,Y,91,1),(N,A,Y,263,A,Y,90,1),(N,A,R,466,A,Y,91,2),(N,A,D,221,A,D,87,2),(N,A,Q,218,A,D,89,2),(N,A,H,220,A,Y,90,2),(N,A,V,271,A,R,48,3),(N,A,V,270,A,D,89,3),(N,A,Y,263,A,Y,90,3),(N,A,K,268,A,R,86,3),(N,A,E,267,A,D,87,3),(N,A,Y,263,A,Y,91,3)
1af7.26.SAH.287.A.A	A	(0,8,1,2.58344,2.20285,0.0903955,1.20474,2.09029,0.191175,-0.569921,-0.610376,0.550119,-0.818475,0.480945,-0.314311,-0.0727292,-0.629391,-0.773678,34.5502,33.7023,75.1792),(1,9,1,2.41949,2.39489,0.101124,0.792677,8.24249,-0.853433,-0.0667676,-0.213159,-0.974734,-0.920962,0.389032,-0.0219906,0.38389,0.896224,-0.222286,46.9794,32.3551,40.7017),(2,7,1,2.72062,1.97922,0.0880503,0.460846,11.6151,-1.54883,-0.266428,0.524021,-0.808961,0.0687271,0.84749,0.526343,0.961401,0.0846352,-0.26181,72.1253,2.78987,23.1541),(3,10,1,2.73839,2.2424,0.105263,1.25841,90.9493,-3.22056,0.331372,0.334484,0.88222,-0.817973,-0.364168,0.445311,0.470226,-0.869196,0.152924,-1.98914,38.5834,39.4308)	(N,A,I,186,A,I,86,0),(N,A,V,192,A,I,155,0),(N,A,T,195,A,T,90,0),(N,A,R,200,A,Y,235,0),(N,A,E,191,A,D,156,0),(N,A,L,295,A,L,93,0),(N,A,K,179,A,R,53,0),(N,A,L,196,A,L,89,1),(N,A,M,227,A,L,93,1),(N,A,V,192,A,I,86,1),(N,A,E,198,A,T,91,1),(N,A,T,195,A,T,90,1),(N,A,L,181,A,V,159,1),(N,A,D,292,A,N,231,1),(N,A,R,251,A,R,98,2),(N,A,R,406,A,R,230,2),(N,A,M,403,A,T,126,2),(N,A,M,403,A,S,125,2),(N,A,Q,404,A,D,154,2),(N,A,A,255,A,A,95,2),(N,A,N,269,A,E,128,3),(N,A,L,264,A,S,125,3),(N,A,K,268,A,T,94,3),(N,A,N,204,A,N,231,3),(N,A,E,298,A,E,129,3),(N,A,R,200,A,R,230,3),(N,A,R,206,A,Y,235,3),(N,A,V,201,A,A,123,3)
1ajp.12.OMD.210.A.B	B	(0,7,1,2.97216,3.23787,0.113821,1.52298,131.202,-4.02392,0.164159,-0.878698,-0.448264,-0.98643,-0.147496,-0.0721147,-0.00275014,0.45402,-0.890987,36.6998,78.038,61.6642)	(N,A,D,262,B,S,386,0),(N,A,R,328,B,R,263,0),(N,A,S,396,B,S,1,0),(N,A,D,398,B,Q,23,0),(N,A,D,302,B,N,241,0)
1ai3.48.NDO.417.A.A	A	(0,14,4,2.51299,1.98853,0.216669,0.664656,17.5497,-1.17529,-0.6484,-0.588531,0.482916,-0.00101637,-0.633662,-0.77361,0.761299,-0.502099,0.410268,-90.4229,-64.2204,-1.60644),(1,6,1,1.67967,3.66244,0.09375,0.897024,137.42,-3.65351,-0.202667,-0.0958975,0.974541,0.671737,0.710515,0.209612,-0.712527,0.697117,-0.0795798,-96.0204,-74.896,13.6659)	(N,A,R,466,A,R,395,0),(N,A,D,221,A,D,392,0),(N,A,H,220,A,Y,391,0),(N,A,I,180,A,I,322,0),(N,A,R,222,A,G,321,0),(N,A,H,220,A,K,350,0),(N,A,M,227,A,L,103,1),(N,A,T,291,A,S,113,1),(N,A,L,210,A,I,111,1),(N,A,T,211,A,T,105,1)
1ai9.48.NDP.193.A.A	A	(0,8,1,2.44506,2.12587,0.0952381,0.16732,990.955,-5.7138,-0.050088,-0.998525,-0.0209725,-0.844349,0.0311197,0.534889,-0.533447,0.0444997,-0.844662,36.7044,13.3911,28.5059)	(N,A,D,473,A,E,120,0),(N,A,L,202,A,I,9,0),(N,A,S,475,A,I,117,0),(N,A,Y,215,A,G,55,0),(N,A,Y,474,A,Y,118,0),(N,A,L,213,A,I,112,0)
1aj7.20.NPE.217.H.H	H	(0,9,2,1.54488,2.59895,0.131689,0.191108,8729.4,-7.31223,-0.480869,-0.147271,-0.864335,-0.0153749,-0.984225,0.176252,-0.876657,0.0980435,0.471019,49.2747,18.8134,38.3088)	(N,A,T,197,H,H,35,0),(N,A,D,190,H,N,56,0),(N,A,H,194,H,Y,33,0),(N,A,K,189,H,N,54,0),(N,A,E,191,H,D,52,0),(N,A,A,193,H,R,50,0)
1amu.23.AMP.567.A.A	A	(0,10,1,2.85621,1.42979,0.168067,0.711513,1.49944,0.581654,0.646239,-0.420748,0.636668,0.754276,0.478919,-0.449116,-0.115948,0.770459,0.626856,16.7847,74.8998,27.3312)	(N,A,E,149,A,T,411,0),(N,A,T,172,A,R,428,0),(N,A,R,174,A,N,431,0),(N,A,E,169,A,D,413,0),(N,A,R,174,A,R,428,0),(N,A,E,169,A,Q,414,0),(N,A,Y,215,A,Y,323,0),(N,A,Y,176,A,Y,425,0)
1aln.17.CTD.295.A.A	A	(0,5,1,2.35845,2.49275,0.0684932,0.20493,97.5879,-3.83442,0.100549,0.952335,0.288008,-0.628512,-0.163603,0.760399,0.771273,-0.257474,0.582104,22.5202,44.1528,-16.9269)	(N,A,E,198,A,E,104,0),(N,A,L,202,A,V,124,0),(N,A,D,292,A,H,102,0),(N,A,T,211,A,T,127,0)
1ais.20.5IU.1411.C.A	A	(0,5,1,2.34506,2.21606,0.0909091,1.37169,236.908,-4.71265,-0.732955,0.136907,-0.666358,0.020107,-0.974752,-0.222384,-0.67998,-0.176396,0.711697,-20.0258,35.2492,86.2369),(1,7,1,2.24823,1.84414,0.1,0.379755,934.181,-5.70444,0.482222,0.691599,0.537729,0.712108,0.0480674,-0.700423,-0.510259,0.72068,-0.469314,-70.1567,27.4799,88.9637)	(N,A,D,274,A,N,13,0),(N,A,T,291,A,G,160,0),(N,A,N,279,A,N,104,0),(N,A,F,236,A,Q,103,0),(N,A,T,312,A,T,68,0),(N,A,V,192,A,S,159,1),(N,A,N,199,A,S,146,1),(N,A,T,195,A,C,158,1),(N,A,H,468,A,Q,103,1),(N,A,R,200,A,R,140,1),(N,A,L,196,A,V,147,1)
1akd.43.HEM.417.A.A	A	(0,10,1,0.537497,3.10944,0.178571,0.419537,17.1682,0.0519155,-0.75727,0.609154,0.235529,0.640765,0.762734,0.0875035,-0.126343,0.217183,-0.96792,32.8056,-7.54371,44.874),(1,7,1,1.51762,2.26987,0.152174,1.35899,266.95,-4.06016,-0.631214,0.682167,-0.369076,0.537504,0.0416807,-0.84223,-0.559158,-0.730008,-0.392977,45.0243,16.2199,39.9172)	(N,A,G,410,A,N,116,0),(N,A,H,415,A,H,361,0),(N,A,V,416,A,L,362,0),(N,A,Q,414,A,Q,360,0),(N,A,V,416,A,L,362,1),(N,A,H,415,A,H,361,1),(N,A,Q,414,A,G,359,1),(N,A,K,420,A,R,364,1),(N,A,V,412,A,M,121,1)
1aq2.31.ATP.541.A.A	A	(0,9,1,2.63243,3.5031,0.174757,1.37957,0.262486,1.6808,-0.0185735,0.51174,0.85894,0.995904,0.0854976,-0.0294027,-0.0884838,0.854876,-0.511232,31.7618,-18.6764,21.3429),(1,9,1,2.91946,3.09915,0.107784,1.2584,89.4286,-3.37318,0.264135,0.201767,-0.943145,-0.100556,0.978305,0.181127,0.959229,0.0469966,0.278694,21.9102,-0.12778,1.45611)	(N,A,A,171,A,S,258,0),(N,A,E,169,A,D,268,0),(N,A,E,169,A,D,269,0),(N,A,T,172,A,T,255,0),(N,A,Y,176,A,Y,286,0),(N,A,Y,215,A,Y,336,0),(N,A,N,148,A,D,269,1),(N,A,E,149,A,D,269,1),(N,A,E,149,A,D,268,1),(N,A,R,222,A,T,441,1),(N,A,V,145,A,T,259,1),(N,A,T,219,A,T,252,1),(N,A,T,146,A,T,255,1),(N,A,Q,218,A,T,256,1)
1b3v.10.XYS.525.A.A	A	(0,4,1,1.12521,2.55011,0.137931,0.307618,25.3375,-1.98338,0.343888,-0.93753,-0.0527222,-0.717621,-0.226184,-0.658681,0.605608,0.264347,-0.750573,95.3584,69.9259,45.3773)	(N,A,D,353,A,D,53,0),(N,A,E,355,A,Q,91,0),(N,A,L,357,A,L,92,0)
1b2l.51.NDC.255.A.A	A	(0,11,2,1.83883,2.70183,0.146152,0.651611,0.0884346,2.70914,-0.606581,-0.118376,-0.786159,-0.42046,-0.791479,0.443594,-0.674739,0.599624,0.430324,24.1344,30.0936,55.3954),(1,9,1,2.95019,2.87034,0.119205,1.32516,7.64084,-0.980281,-0.684591,-0.324596,-0.652666,-0.121386,-0.83211,0.541164,-0.71875,0.4497,0.530253,20.1384,23.9972,52.1744),(2,6,1,2.24795,2.60666,0.103448,0.703164,15.1729,-1.76985,0.666655,-0.0722325,0.741858,-0.242039,0.920378,0.307117,-0.704974,-0.384299,0.596092,-7.12701,21.327,41.4959),(3,7,1,2.36077,2.03001,0.14433,1.44173,59.83,-3.01289,-0.764035,-0.45733,-0.455083,0.308156,-0.878381,0.365357,-0.566825,0.138909,0.812043,16.4416,21.0021,41.3308),(4,8,1,2.70275,3.09444,0.108108,1.53079,59.83,-3.01463,0.52825,0.724959,0.442026,-0.684391,0.671662,-0.283689,-0.502555,-0.152659,0.850961,-11.443,50.3987,50.4776)	(N,A,R,436,A,R,38,0),(N,A,D,434,A,D,63,0),(N,A,T,430,A,T,65,0),(N,A,V,429,A,V,64,0),(N,A,E,432,A,S,71,0),(N,A,D,285,A,N,90,0),(N,A,S,431,A,V,66,1),(N,A,E,432,A,Y,62,1),(N,A,T,430,A,T,65,1),(N,A,V,429,A,V,64,1),(N,A,S,431,A,T,65,1),(N,A,T,435,A,Y,62,1),(N,A,D,434,A,D,63,1),(N,A,Y,437,A,D,37,1),(N,A,R,436,A,R,38,1),(N,A,K,183,A,T,114,2),(N,A,D,190,A,D,63,2),(N,A,I,186,A,Y,62,2),(N,A,V,187,A,V,64,2),(N,A,V,192,A,V,66,2),(N,A,R,436,A,R,38,3),(N,A,T,435,A,Y,62,3),(N,A,S,431,A,T,65,3),(N,A,T,430,A,R,102,3),(N,A,D,434,A,D,63,3),(N,A,K,170,A,N,90,4),(N,A,E,149,A,N,90,4),(N,A,V,226,A,L,36,4),(N,A,V,145,A,V,64,4),(N,A,Y,215,A,Y,62,4),(N,A,T,146,A,I,106,4)
1b6a.27.TN4.480.A.A	A	(0,8,1,2.11782,3.36346,0.122137,1.14715,172.599,-3.82481,0.745385,-0.547582,0.380204,0.405543,0.825129,0.393315,-0.52909,-0.138983,0.837107,0.954868,13.7421,29.5503)	(N,A,T,146,A,T,343,0),(N,A,T,172,A,E,459,0),(N,A,Y,176,A,F,366,0),(N,A,R,144,A,H,339,0),(N,A,V,145,A,H,339,0),(N,A,E,169,A,E,364,0),(N,A,V,226,A,L,328,0)
1b23.32.GNP.406.P.P	P	(0,10,1,2.9493,3.20916,0.169492,0.878918,376.177,-4.71037,-0.868556,0.29631,0.397254,0.447448,0.124226,0.88564,0.213075,0.946978,-0.240481,-8.18441,-16.4309,56.4223)	(N,A,E,359,P,D,139,0),(N,A,E,364,P,A,109,0),(N,A,K,356,P,L,176,0),(N,A,N,351,P,N,136,0),(N,A,K,356,P,S,174,0),(N,A,L,360,P,M,140,0),(N,A,L,357,P,V,138,0)
1b48.20.GSH.223.B.B	B	(0,9,1,1.20108,2.27535,0.151261,1.31601,9.36834,-0.274468,0.119281,-0.85305,0.508014,0.526184,0.488216,0.696258,-0.841963,0.184258,0.507096,18.7035,3.27352,29.958),(1,12,1,2.35476,3.00662,0.137931,1.13629,205.272,-3.6983,0.793898,0.598436,0.107704,-0.595452,0.801026,-0.0615996,-0.123137,-0.0152285,0.992273,20.9397,30.8359,1.85764)	(N,A,V,412,B,M,44,0),(N,A,H,415,B,H,49,0),(N,A,V,416,B,L,50,0),(N,A,H,287,B,Q,67,0),(N,A,L,421,B,L,57,0),(N,A,F,293,B,T,68,1),(N,A,C,296,B,R,15,1),(N,A,K,297,B,R,15,1),(N,A,E,191,B,Q,54,1),(N,A,H,194,B,Q,54,1),(N,A,E,198,B,Q,67,1),(N,A,T,197,B,P,56,1),(N,A,V,192,B,L,50,1),(N,A,T,195,B,T,66,1),(N,A,L,196,B,L,57,1)
1arp.43.HEM.345.A.A	A	(0,5,1,2.08078,2.51259,0.0943396,0.239793,3.61208,-0.532274,-0.617848,-0.783993,-0.0601568,0.719461,-0.59454,0.359024,-0.317238,0.178542,0.931388,24.2027,15.0826,2.09292),(1,6,1,2.12749,2.80166,0.0810811,1.08366,1734.17,-6.42176,-0.610111,-0.0353583,0.791526,-0.0379651,0.999161,0.0153699,-0.791406,-0.0206731,-0.610942,29.3316,27.8007,49.5288)	(N,A,L,357,A,I,59,0),(N,A,H,354,A,H,56,0),(N,A,G,311,A,G,155,0),(N,A,G,311,A,N,158,0),(N,A,P,313,A,P,154,0),(N,A,K,168,A,R,52,1),(N,A,K,170,A,H,56,1),(N,A,V,145,A,M,167,1),(N,A,Y,176,A,H,184,1),(N,A,V,226,A,L,180,1)
1b25.52.PTT.800.A.A	A	(0,6,1,2.69473,1.9862,0.101695,0.388773,36.9764,-2.82319,-0.509883,-0.733501,0.449438,0.704915,-0.0568034,0.707013,-0.493066,0.67731,0.546019,55.4522,47.3555,110.792)	(N,A,T,291,A,S,303,0),(N,A,K,276,A,T,339,0),(N,A,D,292,A,E,304,0),(N,A,D,274,A,D,306,0),(N,A,Y,272,A,L,305,0),(N,A,N,279,A,N,329,0)
1aof.49.DHE.602.A.A	A	(0,4,1,0.509328,3.1884,0.135593,1.06452,88.9271,-2.43246,0.567594,0.822868,-0.0269284,-0.742833,0.525944,0.414225,0.355015,-0.215108,0.909776,10.6407,29.4471,16.2986),(1,3,1,1.18149,2.0258,0.107143,0.416141,125.313,-3.90295,-0.176292,0.446396,-0.877298,0.982486,0.0251582,-0.184628,-0.0603462,-0.894482,-0.443013,27.8452,2.09225,47.9495)	(N,A,R,174,A,R,174,0),(N,A,T,172,A,T,552,0),(N,A,E,278,A,E,246,1),(N,A,T,312,A,T,562,1)
1aod.12.INS.296.A.A	A	(0,6,1,1.34619,3.03333,0.097561,0.90776,2.94557,0.264475,0.43671,0.519325,-0.734565,-0.651566,-0.380415,-0.656312,-0.620279,0.765236,0.172244,36.3792,57.2395,15.904),(1,9,1,2.17559,2.49864,0.137405,0.29655,64.5411,-2.75507,-0.311449,-0.839284,-0.445648,-0.928355,0.368854,-0.0458615,0.20287,0.399436,-0.894033,42.8794,60.8539,46.2976),(2,7,1,1.64465,3.06242,0.112,1.53438,90.9493,-3.06739,0.961448,-0.113496,-0.250471,0.258564,0.683172,0.68295,0.0936023,-0.721384,0.686181,4.30073,10.3764,11.5225)	(N,A,D,190,A,D,278,0),(N,A,H,194,A,H,236,0),(N,A,T,197,A,Q,203,0),(N,A,V,192,A,I,237,0),(N,A,D,285,A,S,238,1),(N,A,P,424,A,H,236,1),(N,A,D,283,A,D,278,1),(N,A,D,285,A,A,239,1),(N,A,S,422,A,D,204,1),(N,A,H,287,A,H,45,1),(N,A,E,256,A,D,82,1),(N,A,D,283,A,E,128,2),(N,A,H,287,A,H,93,2),(N,A,N,231,A,Q,129,2),(N,A,K,289,A,R,84,2),(N,A,H,207,A,D,82,2)
1b09.11.PC.500.A.A	A	(0,4,1,1.23305,2.49535,0.0792079,1.08314,4192.49,-7.16437,0.696844,0.128056,0.705698,-0.657732,-0.278258,0.699972,0.286002,-0.951932,-0.109676,116.407,163.118,40.3904)	(N,A,V,164,A,S,149,0),(N,A,D,274,A,N,61,0),(N,A,D,292,A,E,138,0),(N,A,N,279,A,D,140,0)
1b9i.25.PXG.389.A.A	A	(0,5,1,2.00943,2.38563,0.119048,1.54692,995.464,-5.99212,0.801131,0.492731,0.339714,0.352729,0.0698353,-0.933116,-0.483499,0.867375,-0.117853,-3.20369,57.313,11.3502)	(N,A,H,354,A,S,92,0),(N,A,Y,315,A,H,64,0),(N,A,T,312,A,T,63,0)
1b66.17.BIO.700.A.A	A	(0,6,1,2.42475,2.61704,0.12,0.763745,1.47278,0.248618,0.577002,-0.546232,0.607206,-0.329799,-0.835966,-0.438627,0.747196,0.0528329,-0.662501,23.2343,59.1807,23.8993)	(N,A,T,312,A,E,107,0),(N,A,Y,315,A,I,138,0),(N,A,H,354,A,H,50,0),(N,A,E,314,A,E,133,0),(N,A,T,312,A,T,106,0)
1bb5.43.CTO.800.A.A	A	(0,5,1,1.01357,2.65173,0.120482,1.09491,85.6876,-2.86055,-0.50858,-0.481536,-0.713771,-0.384463,0.868761,-0.312158,0.770412,0.115661,-0.626968,46.951,42.0502,55.1581),(1,8,1,2.90404,2.92467,0.111888,0.970859,239.777,-4.46845,0.887858,0.252349,0.384744,-0.391178,-0.0262769,0.91994,0.242256,-0.967279,0.0753833,-12.7131,17.309,40.55)	(N,A,R,346,A,R,98,0),(N,A,L,347,A,V,99,0),(N,A,Y,340,A,W,64,0),(N,A,F,293,A,W,109,1),(N,A,C,296,A,I,106,1),(N,A,L,202,A,V,99,1),(N,A,N,199,A,D,102,1),(N,A,R,200,A,R,101,1),(N,A,Q,203,A,R,98,1),(N,A,N,204,A,R,101,1)
1bcp.31.ATP.111.E.E	E	(0,13,1,2.60944,2.00734,0.218487,1.09093,13.0483,-0.999989,0.281562,-0.437827,-0.853833,0.695257,-0.520185,0.496009,-0.661317,-0.733291,0.157938,35.2797,-12.6302,-16.979)	(N,A,E,359,E,E,65,0),(N,A,E,355,E,S,62,0),(N,A,L,360,E,V,66,0),(N,A,L,321,E,M,100,0),(N,A,I,361,E,M,67,0),(N,A,K,386,E,A,70,0),(N,A,L,362,E,L,68,0)
1bcf.43.HEM.200.A.A	A	(0,4,1,1.04794,1.7182,0.105263,0.860778,73.4364,-2.96372,0.808338,0.568545,-0.152796,-0.276641,0.595925,0.753885,0.519672,-0.567125,0.638992,65.8548,72.2861,26.4953)	(N,A,R,466,A,R,30,0),(N,A,T,219,A,S,48,0),(N,A,H,220,A,Y,45,0)
1awb.16.IPD.281.A.A	A	(0,6,1,0.958229,1.62036,0.151899,1.48357,4.1205,0.307847,-0.370195,0.614206,0.696927,-0.321686,0.61905,-0.716446,-0.871478,-0.489416,-0.0315877,12.2021,79.8731,30.9974),(1,6,1,1.67862,2.1479,0.101695,0.692674,22.8963,-1.87864,-0.207088,0.81213,0.54549,0.827468,0.442866,-0.345205,-0.521931,0.379888,-0.763724,-17.8989,41.9914,26.8983),(2,10,1,2.75371,2.72014,0.110497,0.101864,127.227,-3.56026,-0.332637,0.43703,-0.835678,0.193447,0.898916,0.393101,0.923001,-0.0308988,-0.383555,55.2676,39.3255,11.4348)	(N,A,D,283,A,D,220,0),(N,A,E,256,A,D,274,0),(N,A,H,287,A,H,217,0),(N,A,T,197,A,T,95,1),(N,A,L,295,A,L,42,1),(N,A,R,273,A,K,36,1),(N,A,E,298,A,D,47,1),(N,A,R,367,A,E,70,2),(N,A,Y,340,A,W,219,2),(N,A,T,371,A,S,165,2),(N,A,E,247,A,E,213,2),(N,A,G,345,A,H,217,2),(N,A,A,376,A,A,196,2),(N,A,P,374,A,T,195,2),(N,A,M,343,A,I,216,2)
1b7e.19.TPT.481.A.A	A	(0,5,1,0.499092,3.80501,0.147059,0.98097,33.9236,-1.23427,-0.0741698,-0.622608,0.779011,-0.930024,-0.23876,-0.279372,0.359936,-0.74522,-0.561332,36.7654,65.3961,14.1827)	(N,A,D,302,A,D,192,0),(N,A,R,328,A,R,189,0)
1bbh.43.HEM.132.A.A	A	(0,6,1,0.601415,1.57306,0.144578,1.38968,340.485,-3.53161,0.980033,-0.12193,-0.15706,-0.194336,-0.754439,-0.626941,-0.0420496,0.644946,-0.763071,33.0974,80.2751,72.7256),(1,7,1,0.991661,2.45653,0.16092,1.49918,340.485,-3.87755,0.993115,-0.0649024,0.0975219,0.00856031,-0.790059,-0.612971,0.116831,0.609585,-0.784064,21.4714,78.1461,72.525),(2,7,1,2.78983,2.7304,0.130841,1.48436,676.12,-5.59718,0.34414,0.764859,0.544572,0.480463,-0.641765,0.59774,0.806674,0.0559401,-0.588344,18.3421,16.5981,55.9859)	(N,A,D,323,A,T,11,0),(N,A,E,322,A,E,10,0),(N,A,L,321,A,I,9,0),(N,A,L,362,A,V,69,0),(N,A,E,322,A,E,10,1),(N,A,D,323,A,T,11,1),(N,A,L,321,A,I,9,1),(N,A,L,362,A,V,69,1),(N,A,E,278,A,E,10,2),(N,A,F,237,A,Q,13,2),(N,A,S,240,A,T,71,2),(N,A,L,277,A,I,9,2)
1b8d.43.PEB.201.A.A	A	(0,11,4,1.14641,2.94853,0.206113,0.510269,1.25112,1.7292,-0.473906,0.810794,-0.343549,-0.866497,-0.498859,0.01795,-0.156829,0.306191,0.938963,37.355,7.39775,-7.35865),(1,9,1,2.11312,2.70381,0.178218,0.824742,1.76304,0.648977,0.456337,-0.324437,0.828551,-0.768104,-0.613696,0.18274,0.449191,-0.719804,-0.529253,37.9338,4.69058,20.4929),(2,10,1,2.6896,2.456,0.2,0.975015,2.48442,0.229259,0.490957,0.264709,0.829994,-0.79974,-0.240902,0.549892,0.345509,-0.933753,0.0934257,31.0414,-0.405837,21.5335),(3,8,1,2.46848,2.95221,0.110345,0.691688,3.50097,-0.205455,-0.149729,0.852813,0.500291,0.824766,-0.17133,0.538895,0.545291,0.493311,-0.677718,40.3607,-33.8768,19.856),(4,4,1,1.72612,2.55618,0.0747664,0.891858,2368.57,-6.92984,0.242746,-0.570241,-0.784793,-0.784684,0.360247,-0.504473,0.570391,0.738273,-0.360011,45.744,28.9514,3.86502)	(N,A,H,194,A,H,88,0),(N,A,K,189,A,K,81,0),(N,A,E,191,A,D,85,0),(N,A,V,192,A,I,86,0),(N,A,R,222,A,R,84,1),(N,A,E,184,A,Y,127,1),(N,A,D,221,A,D,85,1),(N,A,H,220,A,H,88,1),(N,A,Q,218,A,D,87,1),(N,A,R,466,A,Y,127,2),(N,A,R,222,A,R,84,2),(N,A,K,182,A,K,81,2),(N,A,D,221,A,D,85,2),(N,A,H,220,A,Y,89,2),(N,A,T,219,A,R,84,2),(N,A,N,231,A,H,88,3),(N,A,F,237,A,F,131,3),(N,A,Y,437,A,Y,89,3),(N,A,A,230,A,R,84,3),(N,A,F,425,A,Y,117,3),(N,A,D,283,A,R,84,3),(N,A,H,238,A,Y,127,3),(N,A,I,290,A,V,116,4),(N,A,P,208,A,D,85,4),(N,A,Y,417,A,H,88,4)
1b0u.31.ATP.301.A.A	A	(0,8,1,2.3431,3.1119,0.16,1.37,0.352837,1.52358,-0.50944,0.137545,0.849442,-0.628026,-0.734265,-0.257755,0.588263,-0.664783,0.460446,27.2511,73.1929,54.4056),(1,9,1,1.79493,2.48529,0.132353,0.779285,15.3521,-1.15071,0.049834,0.926462,-0.373074,-0.750126,0.281341,0.598462,0.659414,0.250029,0.708984,34.4703,50.514,17.0709)	(N,A,H,194,A,H,211,0),(N,A,D,190,A,D,178,0),(N,A,V,192,A,I,37,0),(N,A,L,196,A,I,38,0),(N,A,V,192,A,V,209,0),(N,A,R,200,A,R,50,1),(N,A,E,298,A,D,178,1),(N,A,L,264,A,I,37,1),(N,A,N,204,A,T,47,1),(N,A,T,197,A,M,97,1),(N,A,V,201,A,L,49,1),(N,A,V,270,A,V,209,1)
1b3o.43.SAE.600.A.A	A	(0,9,2,2.04492,2.48958,0.171429,0.53582,10.4389,-0.909759,0.590294,0.260564,0.763976,-0.585377,0.789861,0.182904,-0.555777,-0.555181,0.618778,-30.621,58.637,-5.71255)	(N,A,D,434,A,D,256,0),(N,A,T,435,A,Y,258,0),(N,A,R,436,A,R,259,0),(N,A,S,431,A,H,253,0),(N,A,S,431,A,T,252,0),(N,A,Q,428,A,H,93,0),(N,A,V,429,A,I,250,0)
1atj.43.HEM.350.A.A	A	(0,10,1,0.505881,1.99799,0.142857,0.850105,2225.55,-4.72394,-0.728478,0.201702,0.654703,0.346291,0.933008,0.0978686,-0.591103,0.298013,-0.749523,-7.69347,38.4317,53.1818)	(N,A,V,201,A,L,39,0),(N,A,A,193,A,R,31,0),(N,A,L,196,A,A,34,0),(N,A,T,197,A,S,35,0),(N,A,R,200,A,R,38,0)
1boz.48.NDP.187.A.A	A	(0,8,1,2.56268,2.36681,0.111888,1.13021,31.0911,-2.3144,0.916012,-0.368073,0.159515,-0.399897,-0.806426,0.435614,-0.0317001,-0.462817,-0.885887,2.33727,22.6645,14.678)	(N,A,E,298,A,E,180,0),(N,A,Y,263,A,E,30,0),(N,A,N,204,A,T,136,0),(N,A,L,202,A,I,7,0),(N,A,L,213,A,V,115,0),(N,A,Y,474,A,Y,121,0)
1atn.31.ATP.375.A.A	A	(0,9,2,2.17233,2.69615,0.096389,0.861082,123.479,-3.39868,0.335156,0.80668,0.486763,0.0692485,0.494155,-0.866611,-0.939614,0.324157,0.109758,66.1792,64.0928,77.3946),(1,6,1,2.8591,1.58047,0.0967742,0.846383,87.6251,-3.73749,-0.983632,-0.0939022,-0.153786,-0.161548,0.0815424,0.98349,-0.0798118,0.992236,-0.0953774,109.671,32.6942,83.8632)	(N,A,R,200,A,Q,137,0),(N,A,V,192,A,V,159,0),(N,A,E,298,A,D,11,0),(N,A,H,194,A,G,156,0),(N,A,L,202,A,S,141,0),(N,A,E,198,A,S,300,0),(N,A,G,294,A,G,302,0),(N,A,V,201,A,V,339,0),(N,A,E,191,A,T,303,0),(N,A,I,290,A,L,185,1),(N,A,E,234,A,D,157,1),(N,A,A,230,A,E,214,1),(N,A,T,291,A,T,186,1),(N,A,K,289,A,Y,306,1),(N,A,D,292,A,D,187,1)
1bjo.15.PLP.363.A.A	A	(0,5,1,1.83746,3.39153,0.10989,0.540555,3.87009,-0.469342,-0.81868,-0.378191,0.432128,-0.262131,0.915651,0.304746,-0.51093,0.136215,-0.848761,37.2291,65.6083,46.7056),(1,8,1,2.13227,2.99742,0.104575,0.86173,7.68506,-0.778812,0.12258,-0.581876,-0.803987,-0.458222,-0.751765,0.474218,-0.880345,0.310275,-0.35878,17.3876,80.9292,60.2254)	(N,A,S,475,A,S,105,0),(N,A,Y,215,A,Y,101,0),(N,A,Y,176,A,H,328,0),(N,A,V,226,A,I,154,0),(N,A,A,171,A,S,176,1),(N,A,E,169,A,D,174,1),(N,A,A,171,A,S,177,1),(N,A,T,146,A,T,206,1),(N,A,Y,176,A,H,147,1),(N,A,Y,215,A,F,80,1),(N,A,F,150,A,Y,193,1)
1bjq.10.ADE.601.A.A	A	(0,9,1,2.35125,2.26135,0.1125,1.24524,83.9787,-3.09421,0.255412,-0.921713,0.291909,-0.674469,-0.386184,-0.629249,0.692717,-0.0361658,-0.720302,39.9673,28.2164,29.2569)	(N,A,Y,176,A,F,71,0),(N,A,A,230,A,V,180,0),(N,A,E,228,A,E,163,0),(N,A,L,202,A,V,176,0),(N,A,M,227,A,I,164,0),(N,A,T,211,A,S,178,0),(N,A,S,205,A,L,190,0),(N,A,A,212,A,S,178,0),(N,A,M,227,A,L,165,0)
1b74.10.DGN.538.A.A	A	(0,6,1,2.64421,2.12067,0.110092,0.263293,42.1234,-2.93297,0.569691,-0.772197,0.28136,-0.201489,-0.463126,-0.863085,0.796777,0.435001,-0.419428,5.19668,36.1048,32.664)	(N,A,K,154,A,N,71,0),(N,A,T,435,A,T,72,0),(N,A,T,443,A,T,114,0),(N,A,L,156,A,V,118,0)
1b8d.43.PEB.202.A.A	A	(0,7,1,1.82484,2.51756,0.08,0.775804,0.630048,1.29372,-0.122673,0.90774,0.401197,0.441525,0.411958,-0.797086,-0.888824,0.0793576,-0.451326,27.8969,-15.2153,20.4242),(1,8,1,0.99194,1.16271,0.0874317,1.53281,6.95207,0.0805453,-0.101091,-0.866447,0.488928,-0.708829,0.407572,0.575714,-0.698099,-0.288367,-0.655364,50.2159,-20.4033,26.1775),(2,7,1,1.37787,2.65118,0.132075,1.0339,108.098,-3.06228,-0.295364,0.422124,0.857071,0.801299,0.597982,-0.0183741,-0.520269,0.681343,-0.51487,9.84015,-22.6866,30.2596),(3,8,1,2.06405,2.33444,0.164948,0.399716,152.329,-3.67454,-0.138265,0.541947,0.828961,0.861179,0.479164,-0.169623,-0.489135,0.690431,-0.532965,10.3505,-16.5572,30.9252),(4,7,1,1.86465,1.94811,0.113821,0.784167,214.657,-4.04853,-0.844631,-0.529445,0.0792848,0.476149,-0.675252,0.56331,-0.244704,0.51354,0.822433,53.6425,-55.8503,-33.91)	(N,A,A,188,A,A,50,0),(N,A,H,194,A,R,137,0),(N,A,T,160,A,K,43,0),(N,A,L,181,A,M,90,0),(N,A,I,186,A,V,51,0),(N,A,V,187,A,V,51,0),(N,A,T,195,A,T,134,0),(N,A,T,219,A,S,45,1),(N,A,T,195,A,T,134,1),(N,A,L,181,A,V,51,1),(N,A,F,472,A,F,152,1),(N,A,H,354,A,H,48,2),(N,A,Q,352,A,K,43,2),(N,A,D,353,A,N,47,2),(N,A,E,314,A,M,90,2),(N,A,L,357,A,V,51,2),(N,A,H,354,A,H,48,3),(N,A,D,353,A,N,47,3),(N,A,Q,352,A,K,43,3),(N,A,D,353,A,G,46,3),(N,A,L,357,A,V,51,3),(N,A,R,367,A,R,137,4),(N,A,L,360,A,R,142,4),(N,A,E,364,A,D,143,4),(N,A,I,361,A,M,144,4),(N,A,I,366,A,L,138,4)
1b4q.20.GSH.106.A.A	A	(0,5,1,1.47568,10,0.0917431,0.01,34.8528,-2.34499,-0.393374,0.749851,0.53196,-0.372526,-0.658983,0.653426,0.840524,0.0588719,0.538566,14.3369,20.1845,-30.1086)	(N,A,E,247,A,E,55,0),(N,A,D,248,A,D,58,0),(N,A,A,376,A,T,53,0),(N,A,A,255,A,R,71,0)
1b76.31.ATP.1552.A.A	A	(0,6,1,2.40631,2.66756,0.153846,1.42473,167.625,-4.21104,-0.514623,0.779565,-0.356989,0.536589,-0.0319228,-0.84324,-0.668756,-0.625507,-0.401878,70.8139,43.9018,69.1579)	(N,A,E,375,A,E,222,0),(N,A,S,378,A,T,224,0),(N,A,P,374,A,M,167,0),(N,A,R,406,A,R,231,0)
1b8a.31.ATP.500.A.A	A	(0,11,1,2.90397,2.4442,0.115789,0.899766,0.601333,1.31105,-0.600931,0.591478,-0.53762,-0.7848,-0.564158,0.256545,-0.151562,0.57609,0.803212,52.1054,14.733,29.5792)	(N,A,L,181,A,T,220,0),(N,A,T,291,A,S,363,0),(N,A,T,195,A,T,307,0),(N,A,D,292,A,E,361,0),(N,A,K,163,A,R,222,0),(N,A,D,292,A,D,354,0),(N,A,E,198,A,E,310,0),(N,A,K,179,A,R,222,0)
1bxm.29.ERG.99.A.A	A	(0,8,1,2.57146,2.09964,0.144144,0.756402,130.888,-3.74318,0.0303545,-0.891372,-0.452254,0.398997,0.425656,-0.812169,0.91645,-0.155795,0.368575,1.04044,12.1951,-0.449896)	(N,A,D,285,A,N,83,0),(N,A,R,436,A,Q,8,0),(N,A,D,434,A,Q,8,0),(N,A,T,430,A,T,74,0),(N,A,V,429,A,L,73,0)
1boo.26.SAH.401.A.A	A	(0,12,1,2.63122,2.18831,0.226415,1.33211,0.0100971,3.04472,0.790228,-0.608365,-0.0737035,0.0215523,0.147786,-0.988784,0.612434,0.779776,0.129897,-40.9353,71.6714,32.9952),(1,7,2,1.1744,2.84212,0.132075,0.406109,53.49,-2.20362,0.717552,0.687469,0.111829,-0.0586261,-0.100373,0.993221,0.694033,-0.719244,-0.0317192,-27.5905,-11.434,28.2623)	(N,A,P,424,A,P,55,0),(N,A,F,425,A,Y,72,0),(N,A,F,252,A,F,273,0),(N,A,P,423,A,P,54,0),(N,A,S,422,A,S,53,0),(N,A,L,421,A,T,52,0),(N,A,S,381,A,H,246,1),(N,A,H,405,A,Y,234,1),(N,A,S,378,A,S,276,1),(N,A,R,406,A,R,306,1)
1b4u.11.DHB.503.B.B	B	(0,9,1,2.91523,3.12453,0.12766,0.657594,70.1943,-3.13107,-0.0773701,-0.886512,0.456192,0.164551,0.439934,0.882826,-0.983329,0.143371,0.111839,46.7553,25.2758,38.2674)	(N,A,P,208,B,S,63,0),(N,A,E,267,B,E,242,0),(N,A,H,207,B,H,61,0),(N,A,V,416,B,T,130,0),(N,A,Q,414,B,P,14,0),(N,A,E,418,B,P,14,0),(N,A,Y,417,B,H,127,0)
1bbp.43.BLV.500.A.A	A	(0,8,1,2.43978,3.83345,0.0909091,1.06411,326.465,-4.60232,-0.733373,-0.448617,-0.510791,0.399449,-0.892331,0.210204,-0.550096,-0.0498767,0.833611,56.5008,9.69277,25.6608)	(N,A,H,265,A,H,61,0),(N,A,V,258,A,E,29,0),(N,A,V,270,A,V,62,0),(N,A,W,332,A,E,38,0),(N,A,S,266,A,Y,60,0),(N,A,V,271,A,I,63,0)
1be2.18.PLM.92.A.A	A	(0,6,1,2.03518,2.2239,0.12,0.224344,1.94261,0.202337,0.306659,-0.576482,0.757383,0.835291,0.544496,0.0762395,-0.456342,0.609256,0.648505,0.256284,-19.3336,-9.8411),(1,7,1,0.471983,2.45004,0.150538,1.34854,84.5238,-1.7462,-0.230471,-0.697617,0.67839,-0.404526,-0.565373,-0.718827,0.885009,-0.440095,-0.151902,-16.9896,34.5857,5.68228)	(N,A,R,200,A,Q,18,0),(N,A,E,191,A,E,26,0),(N,A,T,197,A,T,15,0),(N,A,L,196,A,L,14,0),(N,A,E,319,A,D,33,1),(N,A,N,324,A,N,36,1),(N,A,V,320,A,L,34,1)
1bsu.21.DI.907.C.A	A	(0,9,1,1.97174,2.45229,0.14876,1.02435,1254.18,-5.61633,0.740832,0.624327,0.247759,-0.630345,0.518792,0.577512,0.23202,-0.584013,0.777879,-19.0974,20.6402,7.40356)	(N,A,T,219,A,H,131,0),(N,A,E,149,A,D,74,0),(N,A,N,148,A,Y,72,0),(N,A,T,146,A,D,90,0),(N,A,F,150,A,F,75,0),(N,A,V,145,A,I,91,0)
1buq.27.NTH.126.A.A	A	(0,7,1,2.52594,2.34701,0.102941,1.19246,324.89,-4.76573,-0.467311,-0.758498,0.454204,0.408024,0.27073,0.871907,-0.784306,0.592778,0.18297,17.5689,-37.7058,1.34112),(1,7,1,1.90152,2.61841,0.10219,0.395081,909.129,-5.50978,-0.365872,0.230306,0.901719,0.17958,-0.933218,0.311216,0.913175,0.275796,0.30008,-11.0792,-11.4638,-18.4806)	(N,A,T,211,A,T,93,0),(N,A,S,205,A,H,122,0),(N,A,L,202,A,I,121,0),(N,A,L,210,A,V,94,0),(N,A,N,279,A,A,114,1),(N,A,D,274,A,D,38,1),(N,A,P,313,A,S,58,1),(N,A,L,295,A,P,39,1),(N,A,E,278,A,D,99,1),(N,A,Y,315,A,F,55,1)
