1a2b.32.GSP.538.A.A	A	(0,10,1,2.95182,3.33119,0.125,1.43522,55.5564,-2.80617,0.419491,-0.805952,0.417694,-0.723193,-0.574827,-0.382839,0.548652,-0.141476,-0.823994,1.46297,98.3733,63.9635)	(N,A,E,508,A,V,11,0),(N,A,K,511,A,G,12,0),(N,A,A,709,A,K,18,0),(N,A,T,713,A,T,19,0),(N,A,S,707,A,A,15,0),(N,A,G,618,A,S,85,0),(N,A,C,714,A,C,20,0),(N,A,V,715,A,L,21,0)
1a25.10.PSE.1.B.B	B	(0,5,1,1.25905,3.36776,0.208333,1.346,10.4481,-1.01339,0.400108,0.863342,0.307497,-0.902031,0.430297,-0.0344192,-0.16203,-0.2636,0.950926,-81.8416,82.2938,-22.1318)	(N,A,E,659,B,E,281,0),(N,A,Q,658,B,Q,280,0),(N,A,D,662,B,E,284,0)
1a27.20.EST.350.A.A	A	(0,7,1,2.34132,1.43138,0.130841,1.35185,248.913,-4.42391,0.913685,0.337383,-0.226608,-0.0233947,-0.512985,-0.858079,-0.405748,0.789316,-0.460814,-1.00522,91.7032,8.84541)	(N,A,V,497,A,L,95,0),(N,A,L,496,A,L,96,0),(N,A,L,496,A,L,95,0),(N,A,I,456,A,C,156,0),(N,A,M,498,A,V,196,0),(N,A,K,455,A,N,152,0),(N,A,L,484,A,L,197,0)
1a2i.43.HEC.108.A.A	A	(0,10,1,2.70526,1.96529,0.130719,1.19338,0.00317466,3.05758,-0.637028,0.736038,-0.229005,0.520748,0.191877,-0.831868,-0.568346,-0.649177,-0.505522,-2.97349,61.8673,79.2429)	(N,A,H,493,A,H,22,0),(N,A,D,490,A,H,25,0),(N,A,H,489,A,H,25,0),(N,A,L,496,A,V,19,0),(N,A,K,455,A,K,10,0),(N,A,K,459,A,T,24,0),(N,A,F,495,A,F,20,0),(N,A,I,456,A,L,9,0)
1a8r.32.GTP.401.A.B	B	(0,2,1,0.496368,2.38168,0.0655738,1.4328,540.113,-4.89912,0.358446,-0.354905,0.863457,0.930618,0.209098,-0.300381,-0.0739407,0.911219,0.405231,117.491,37.5879,-10.8396)	(N,A,I,561,B,I,89,0),(N,A,L,551,B,I,132,0)
12as.23.AMP.332.A.A	A	(0,6,1,1.52029,2.84193,0.117647,0.919357,13.0741,-1.23485,-0.548397,-0.394222,0.737461,0.467356,-0.8758,-0.120634,0.693425,0.278502,0.664528,-11.3606,37.9651,-71.53),(1,8,1,2.42941,3.34035,0.115108,0.770081,286.469,-4.46758,-0.524935,-0.368369,0.767299,0.346819,-0.915832,-0.202407,0.777277,0.159863,0.60851,-15.2451,49.262,-65.3039),(2,8,3,2.78618,3.60167,0.112903,1.1293,286.469,-4.6046,-0.655921,0.686434,-0.313968,0.290042,0.613213,0.734741,0.696881,0.390869,-0.601315,58.9944,-45.842,16.9113),(3,8,1,2.17606,4.06381,0.152381,0.866318,403.683,-4.69994,-0.504237,0.695236,0.512241,0.0574393,0.618858,-0.7834,-0.861653,-0.365597,-0.351985,-35.8395,47.0238,60.071)	(N,A,G,567,A,S,251,0),(N,A,D,565,A,D,235,0),(N,A,N,464,A,N,331,0),(N,A,R,570,A,Q,116,0),(N,A,D,544,A,E,248,0),(N,A,K,467,A,G,294,1),(N,A,G,567,A,S,251,1),(N,A,N,464,A,N,331,1),(N,A,D,565,A,D,235,1),(N,A,R,570,A,Q,116,1),(N,A,N,723,A,L,109,1),(N,A,D,544,A,E,248,1),(N,A,K,640,A,S,298,2),(N,A,K,724,A,R,100,2),(N,A,E,728,A,E,103,2),(N,A,E,636,A,D,115,2),(N,A,K,642,A,Q,314,2),(N,A,M,638,A,V,114,2),(N,A,K,639,A,G,296,2),(N,A,K,428,A,N,331,3),(N,A,R,441,A,R,214,3),(N,A,D,426,A,Y,218,3),(N,A,I,439,A,I,201,3),(N,A,L,432,A,V,213,3)
1a2s.43.HEC.90.A.A	A	(0,7,1,1.96931,3.99218,0.10219,0.816616,19.7125,-1.73787,0.837595,0.118889,-0.533198,0.213077,0.827627,0.51926,0.503023,-0.548542,0.667884,22.2539,-82.8789,-58.2233)	(N,A,Q,466,A,Q,53,0),(N,A,H,489,A,D,65,0),(N,A,H,489,A,G,66,0),(N,A,I,469,A,I,54,0),(N,A,V,487,A,L,68,0),(N,A,L,496,A,I,73,0),(N,A,L,484,A,V,76,0)
1a0i.31.ATP.1.A.A	A	(0,7,1,0.504244,2.60612,0.215385,0.895025,603.544,-3.77304,-0.554599,-0.802582,0.219733,0.749128,-0.366607,0.55173,-0.362253,0.470597,0.804556,2.41986,-66.4577,-13.9955)	(N,A,R,460,A,R,55,0),(N,A,M,461,A,V,56,0)
19hc.43.HEM.301.A.A	A	(0,11,2,1.83161,3.31161,0.144495,0.912565,1.48642,1.12809,0.744813,0.0080611,0.667225,-0.487144,0.689911,0.535456,-0.45601,-0.723849,0.517782,-94.6641,-52.936,-8.21418),(1,13,5,2.5181,2.15876,0.143364,1.33185,2.09461,0.700588,-0.950648,0.239806,0.196881,-0.2978,-0.527103,-0.795913,-0.0870876,-0.815264,0.572504,20.0824,82.8236,9.35122)	(N,A,T,669,A,T,53,0),(N,A,D,671,A,D,55,0),(N,A,R,675,A,H,51,0),(N,A,P,672,A,P,56,0),(N,A,L,605,A,C,50,0),(N,A,S,695,A,S,8,1),(N,A,E,518,A,D,7,1),(N,A,L,698,A,L,38,1),(N,A,S,517,A,T,6,1),(N,A,H,515,A,H,37,1),(N,A,N,696,A,E,41,1),(N,A,E,520,A,A,10,1)
155c.43.HEM.135.A.A	A	(0,7,1,2.43237,2.52713,0.0939597,0.75571,587.224,-5.31921,-0.384096,0.832588,0.399084,0.419247,0.542384,-0.728046,-0.822619,-0.112324,-0.557387,-50.5876,71.4375,90.9465)	(N,A,V,487,A,L,75,0),(N,A,L,496,A,I,76,0),(N,A,N,464,A,D,109,0),(N,A,T,470,A,G,8,0),(N,A,L,484,A,V,79,0),(N,A,I,469,A,V,110,0)
1abw.43.HEM.284.A.A	A	(0,8,1,2.23254,2.04109,0.125,0.594252,490.813,-4.92078,0.61347,-0.418598,0.669649,0.703674,-0.0951564,-0.704122,0.358466,0.903173,0.236181,-43.0563,79.8505,-32.8959)	(N,A,E,468,A,S,81,0),(N,A,T,465,A,A,82,0),(N,A,H,489,A,H,87,0),(N,A,I,469,A,L,80,0),(N,A,L,496,A,S,138,0),(N,A,V,487,A,L,136,0)
1a2t.25.THP.151.A.A	A	(0,7,1,2.30559,2.43744,0.137255,1.06459,7.58286,-0.977893,-0.288038,0.89285,-0.346199,0.622685,0.449284,0.64063,0.727528,-0.031047,-0.685375,26.6144,-66.2401,56.3515),(1,6,1,2.70591,1.75081,0.130435,0.915043,29.901,-2.61806,0.211786,0.0347869,-0.976697,0.976995,-0.0331576,0.21067,-0.0250564,-0.998845,-0.0410089,74.562,-29.2352,53.5461),(2,6,1,2.72629,2.09251,0.129032,1.0193,29.901,-2.62557,0.269179,0.0302621,-0.962615,0.962889,0.0119844,0.269633,0.019696,-0.99947,-0.0259131,72.0942,-34.9609,51.0643),(3,8,4,2.47598,2.29326,0.117655,0.994371,59.376,-2.91945,-0.332477,0.751179,-0.570254,0.572209,0.641315,0.511168,0.749691,-0.156353,-0.643053,50.3293,-58.0286,55.3412),(4,8,2,2.96004,3.1904,0.112259,1.03763,923.241,-5.83419,-0.744841,-0.662605,0.078521,-0.101045,-0.00431014,-0.994873,0.659546,-0.748956,-0.0637425,31.921,111.676,41.8839)	(N,A,R,543,A,R,87,0),(N,A,N,464,A,D,19,0),(N,A,R,570,A,R,35,0),(N,A,R,570,A,T,22,0),(N,A,N,549,A,D,21,1),(N,A,E,548,A,D,19,1),(N,A,F,568,A,Y,113,1),(N,A,D,565,A,D,40,1),(N,A,N,549,A,T,41,1),(N,A,E,548,A,D,19,2),(N,A,D,565,A,D,40,2),(N,A,N,549,A,D,21,2),(N,A,N,549,A,T,41,2),(N,A,F,568,A,Y,113,2),(N,A,P,573,A,L,38,3),(N,A,N,464,A,D,19,3),(N,A,R,543,A,R,87,3),(N,A,R,570,A,R,35,3),(N,A,R,570,A,T,22,3),(N,A,K,467,A,T,22,3),(N,A,Q,466,A,K,84,4),(N,A,H,489,A,R,35,4),(N,A,E,462,A,D,83,4),(N,A,Q,491,A,T,33,4),(N,A,K,459,A,R,87,4),(N,A,I,457,A,L,89,4),(N,A,D,490,A,T,22,4)
1a1c.10.DIX.103.C.A	A	(0,5,1,1.73083,2.59013,0.0970874,0.144073,2.10766,0.114838,-0.0165106,-0.99958,-0.023833,-0.980385,0.0208664,-0.195984,0.196399,0.0201297,-0.980317,88.753,47.9357,95.5674)	(N,A,F,488,A,F,223,0),(N,A,H,445,A,D,238,0),(N,A,Y,423,A,Y,233,0),(N,A,V,497,A,I,217,0)
1a5v.23.Y3.1.A.A	A	(0,7,1,2.10338,2.71649,0.123894,1.37103,5.81955,-0.63919,-0.94125,0.302465,-0.150209,0.0176344,-0.400162,-0.916275,-0.337249,-0.865093,0.371318,70.1542,130.413,53.2915)	(N,A,H,489,A,E,157,0),(N,A,I,469,A,V,81,0),(N,A,V,487,A,A,159,0),(N,A,Q,466,A,Q,62,0),(N,A,K,467,A,Q,62,0),(N,A,K,473,A,S,86,0),(N,A,T,470,A,T,83,0)
1a6y.20.5IU.612.C.B	B	(0,11,2,2.43564,3.07105,0.140967,0.480695,0.00689097,3.114,0.392298,-0.187704,0.900483,-0.434686,-0.90058,0.00164786,0.810648,-0.392074,-0.434888,-64.1805,69.6639,20.432)	(N,A,K,513,B,R,172,0),(N,A,H,515,B,Y,113,0),(N,A,L,698,B,L,116,0),(N,A,S,695,B,S,109,0),(N,A,H,515,B,H,112,0),(N,A,F,516,B,F,111,0),(N,A,N,696,B,S,109,0)
1a9x.9.ORN.1920.A.A	A	(0,8,2,1.10133,1.96969,0.161616,1.39216,471.929,-4.17497,0.800377,0.201617,-0.564577,-0.271863,0.961416,-0.0420762,0.53431,0.187164,0.824307,39.6178,-15.7051,-50.3741),(1,6,1,2.96934,1.8222,0.107143,1.45737,168.651,-4.42737,0.332601,-0.83195,0.444111,0.916226,0.173507,-0.361146,0.223399,0.527024,0.819963,19.1591,-13.1506,-52.4654)	(N,A,S,530,A,T,1050,0),(N,A,H,478,A,H,1039,0),(N,A,N,480,A,D,1041,0),(N,A,I,561,A,T,1042,0),(N,A,R,526,A,G,1046,1),(N,A,Q,688,A,E,783,1),(N,A,S,522,A,T,1043,1),(N,A,D,689,A,E,892,1),(N,A,T,519,A,T,1042,1),(N,A,L,693,A,L,907,1)
1a80.48.NDP.300.A.A	A	(0,7,1,2.88603,1.87529,0.1,1.29503,480.407,-5.28965,-0.0974968,-0.847033,-0.522522,0.986108,-0.0112717,-0.165725,0.134485,-0.531421,0.836365,81.8372,-16.2276,-45.1609)	(N,A,V,715,A,E,237,0),(N,A,E,548,A,E,241,0),(N,A,D,604,A,Y,19,0),(N,A,K,546,A,R,238,0),(N,A,N,549,A,N,242,0)
1ajn.13.AAN.559.B.B	B	(0,4,1,0.769962,3.89583,0.119403,0.200196,62.127,-2.48947,-0.0826252,-0.282122,0.955814,0.903561,0.383395,0.191273,-0.420417,0.87944,0.223237,-75.1969,-28.8571,3.47317)	(N,A,H,534,B,H,192,0),(N,A,D,537,B,N,178,0),(N,A,V,538,B,I,177,0)
1a56.43.HEC.82.A.A	A	(0,7,1,2.57094,2.72124,0.105263,0.949791,197.96,-4.28895,0.850667,0.316945,0.419418,-0.300557,-0.361354,0.88266,0.431313,-0.876909,-0.212132,-75.351,-50.955,53.3503)	(N,A,H,485,A,L,42,0),(N,A,H,485,A,A,38,0),(N,A,L,500,A,V,63,0),(N,A,L,500,A,I,46,0),(N,A,N,502,A,N,62,0),(N,A,L,501,A,V,63,0)
1ad4.22.HH2.271.A.A	A	(0,9,1,2.62517,2.12338,0.126761,1.388,3.7463,-0.209321,0.154454,-0.865028,-0.477358,0.517019,0.482487,-0.707035,0.841924,-0.137598,0.521758,104.85,32.8868,-21.0191),(1,8,1,0.993841,2.43479,0.195122,0.467519,10.4832,-0.310052,-0.479027,0.852291,-0.210078,-0.0936348,-0.28757,-0.953171,-0.872792,-0.436924,0.217558,15.4046,117.698,65.1408),(2,10,2,1.82977,2.56703,0.105268,1.38082,456.126,-4.42547,0.98253,0.0566789,0.177261,0.0867291,0.703283,-0.7056,-0.164657,0.708647,0.686081,-1.80453,24.4932,-48.8881),(3,3,1,2.42394,2.35302,0.0588235,0.74979,905.756,-6.5961,-0.195827,0.475372,0.857714,-0.736977,-0.648348,0.191073,0.646928,-0.594698,0.477302,-43.6468,30.6444,6.31424)	(N,A,H,485,A,H,241,0),(N,A,V,497,A,V,240,0),(N,A,A,453,A,A,199,0),(N,A,L,501,A,K,203,0),(N,A,L,484,A,I,9,0),(N,A,H,445,A,H,55,1),(N,A,K,446,A,E,56,1),(N,A,Q,450,A,R,52,1),(N,A,S,448,A,S,50,1),(N,A,N,449,A,N,11,2),(N,A,D,429,A,T,200,2),(N,A,A,451,A,D,45,2),(N,A,V,444,A,I,9,2),(N,A,K,442,A,R,239,2),(N,A,D,429,A,A,199,2),(N,A,P,547,A,M,36,3),(N,A,D,544,A,N,11,3),(N,A,D,565,A,D,84,3)
1a82.31.ATP.802.A.A	A	(0,8,2,2.68505,2.95661,0.114882,0.937246,0.809177,0.874343,-0.555413,0.430154,0.711677,0.119995,0.888319,-0.443272,-0.822872,-0.160801,-0.545,-62.0918,15.5374,65.8519),(1,6,1,2.52384,2.00481,0.0895522,1.03997,0.809177,0.64858,-0.107845,0.652074,0.750446,-0.11376,-0.757984,0.642276,0.987638,-0.0161046,0.155925,-78.5719,-1.69052,-22.1549),(2,7,1,2.54966,2.30106,0.08,0.190773,138.832,-3.9269,0.125337,0.851801,0.508651,-0.270124,-0.464025,0.843631,0.954633,-0.243137,0.171933,-69.7777,-24.5384,-15.2828),(3,5,1,1.81126,2.09643,0.106383,0.131851,4286.65,-7.34797,0.537146,0.327861,-0.777162,-0.140737,-0.873614,-0.465823,-0.831665,0.359591,-0.423117,41.844,102.661,44.9786)	(N,A,D,424,A,D,176,0),(N,A,Y,420,A,W,205,0),(N,A,K,446,A,H,184,0),(N,A,L,425,A,V,177,0),(N,A,V,444,A,V,147,0),(N,A,K,442,A,K,148,0),(N,A,E,548,A,E,44,1),(N,A,N,549,A,S,53,1),(N,A,K,546,A,S,43,1),(N,A,D,565,A,D,54,1),(N,A,S,438,A,T,11,1),(N,A,E,468,A,E,115,1),(N,A,H,493,A,T,9,2),(N,A,I,456,A,V,13,2),(N,A,V,454,A,N,175,2),(N,A,A,453,A,N,175,2),(N,A,D,565,A,D,54,2),(N,A,S,438,A,T,11,2),(N,A,E,468,A,E,115,2),(N,A,L,551,A,V,147,3),(N,A,G,504,A,D,176,3),(N,A,G,503,A,D,176,3),(N,A,T,553,A,T,178,3)
1aor.52.PTE.609.A.A	A	(0,7,1,2.0622,2.72229,0.147368,1.13753,8.61792,-0.9871,-0.795426,-0.111427,0.595719,0.473431,0.499427,0.725559,-0.378366,0.85916,-0.344504,17.4235,-95.7598,19.4539),(1,5,1,1.09829,2.22661,0.15625,0.616333,67.4809,-2.70353,-0.758632,-0.192297,0.622495,-0.399334,-0.617698,-0.677482,0.514792,-0.762542,0.391815,18.57,78.1997,-6.49265),(2,5,1,1.09829,2.22661,0.15625,0.616333,67.4809,-2.70353,-0.758632,-0.192297,0.622495,-0.399334,-0.617698,-0.677482,0.514792,-0.762542,0.391815,18.57,78.1997,-6.49265),(3,6,2,2.5488,2.51923,0.126316,0.889913,134.001,-4.04543,-0.867712,-0.221736,0.444869,-0.29838,-0.483445,-0.822952,0.397548,-0.846826,0.35333,36.3626,85.4764,1.03034)	(N,A,Q,466,A,E,313,0),(N,A,H,489,A,H,448,0),(N,A,T,470,A,T,344,0),(N,A,T,470,A,S,314,0),(N,A,I,469,A,I,345,0),(N,A,H,493,A,H,448,1),(N,A,F,495,A,Y,427,1),(N,A,L,492,A,I,449,1),(N,A,H,493,A,H,448,2),(N,A,F,495,A,Y,427,2),(N,A,L,492,A,I,449,2),(N,A,R,441,A,S,314,3),(N,A,H,493,A,H,448,3),(N,A,F,495,A,Y,427,3),(N,A,L,492,A,I,449,3)
1aer.43.TAD.700.A.A	A	(0,7,1,2.12324,2.77093,0.119658,0.541283,3.00559,-0.0545518,0.0998698,-0.946246,-0.307642,-0.477324,0.225726,-0.849241,0.873034,0.231658,-0.429123,98.3509,129.319,8.80617),(1,6,1,2.67481,1.94138,0.0930233,0.490114,4.23538,-0.743449,0.0630309,0.845789,-0.529781,0.960251,0.0932422,0.263106,0.27193,-0.525307,-0.806292,51.7722,10.2508,99.5695)	(N,A,A,717,A,A,482,0),(N,A,C,631,A,Q,485,0),(N,A,T,713,A,T,442,0),(N,A,A,710,A,A,446,0),(N,A,S,707,A,E,445,0),(N,A,V,711,A,L,444,0),(N,A,A,709,A,A,446,0),(N,A,I,481,A,I,450,1),(N,A,N,480,A,S,449,1),(N,A,T,553,A,T,442,1),(N,A,R,509,A,Q,485,1),(N,A,L,551,A,L,444,1)
1a72.44.PAD.378.A.A	A	(0,6,1,2.71247,2.95291,0.0923077,0.760307,41.7155,-2.94884,0.297191,-0.660617,-0.689393,0.308516,0.749725,-0.585432,0.903601,-0.0387034,0.426622,71.1532,14.786,-43.2968),(1,7,1,2.65826,2.39592,0.0972222,1.0801,82.8367,-3.45464,-0.289135,0.340962,-0.894509,0.953822,0.023156,-0.29948,-0.0813981,-0.939792,-0.331912,82.4036,22.8068,107.059),(2,8,1,1.71688,2.98709,0.10596,0.592737,460.297,-4.59403,0.948664,0.258993,0.181546,0.30944,-0.878783,-0.363302,0.0654468,0.400829,-0.913812,-61.6685,54.9869,90.906)	(N,A,S,533,A,S,298,0),(N,A,S,522,A,A,317,0),(N,A,R,526,A,A,317,0),(N,A,V,529,A,V,294,0),(N,A,L,687,A,I,291,0),(N,A,L,681,A,M,275,0),(N,A,S,417,A,T,274,1),(N,A,Q,421,A,R,271,1),(N,A,D,424,A,D,223,1),(N,A,D,416,A,D,273,1),(N,A,D,490,A,T,277,1),(N,A,H,422,A,I,269,1),(N,A,L,425,A,V,222,1),(N,A,E,518,A,T,277,2),(N,A,R,526,A,R,271,2),(N,A,L,681,A,V,268,2),(N,A,S,522,A,T,274,2),(N,A,I,524,A,L,272,2),(N,A,N,684,A,G,199,2)
1a05.12.IPM.401.A.A	A	(0,5,1,1.49529,2.9265,0.0793651,0.0999768,79.0714,-3.16952,-0.430665,-0.767577,0.474714,-0.741545,0.600764,0.298654,-0.514431,-0.223402,-0.82792,16.2556,-7.82456,148.511),(1,7,1,2.24572,3.33001,0.10219,0.259047,311.797,-4.60707,-0.384035,-0.734795,0.559101,-0.645039,0.646772,0.406952,-0.660637,-0.204358,-0.722355,5.92544,-22.1477,143.328)	(N,A,T,553,A,S,266,0),(N,A,K,562,A,R,95,0),(N,A,I,481,A,L,92,0),(N,A,L,484,A,V,73,0),(N,A,E,499,A,E,275,0),(N,A,T,553,A,S,266,1),(N,A,E,499,A,E,275,1),(N,A,K,562,A,R,95,1),(N,A,H,485,A,G,71,1),(N,A,L,484,A,V,73,1),(N,A,I,481,A,L,92,1)
1aof.49.DHE.602.A.A	A	(0,7,1,2.5919,2.33191,0.147368,0.769418,233.986,-4.46387,0.521391,0.849478,-0.0808588,0.744178,-0.406291,0.530214,0.417553,-0.336622,-0.843999,-11.8523,-32.9353,114.442)	(N,A,S,417,A,T,554,0),(N,A,H,493,A,H,200,0),(N,A,D,490,A,H,200,0),(N,A,D,490,A,T,172,0),(N,A,L,492,A,I,201,0)
1a2n.50.TET.420.A.A	A	(0,6,1,2.14263,2.58477,0.118812,1.19695,4.22533,-0.519461,0.973548,-0.117122,0.196178,0.106465,0.992251,0.0640512,-0.20216,-0.0414707,0.978474,5.26431,-21.045,-26.2854),(1,7,1,2.63316,2.06818,0.14,1.01301,33.0856,-2.5363,-0.768347,-0.534072,-0.352719,0.615159,-0.768368,-0.176606,-0.176697,-0.352673,0.918912,116.307,66.3728,-32.592),(2,7,1,1.23053,1.9361,0.134615,0.423733,365.073,-4.163,-0.809714,-0.30609,-0.500671,0.520896,-0.767805,-0.373018,-0.270241,-0.562836,0.781144,119.367,86.0841,-8.1439),(3,9,2,1.49305,3.216,0.113481,1.10707,724.946,-4.79038,-0.937483,0.347855,-0.0110362,0.0260373,0.0384794,-0.99892,-0.347055,-0.936758,-0.045131,80.4178,104.9,79.4327),(4,7,1,2.47416,3.18444,0.107692,1.05626,724.946,-5.54678,-0.90823,0.41375,-0.0626837,0.0615917,-0.0159932,-0.997973,-0.413914,-0.91025,-0.010958,80.9486,104.314,78.958)	(N,A,T,713,A,T,168,0),(N,A,H,712,A,H,125,0),(N,A,V,715,A,L,124,0),(N,A,V,711,A,I,126,0),(N,A,H,445,A,H,125,1),(N,A,D,424,A,S,127,1),(N,A,S,448,A,T,168,1),(N,A,D,426,A,E,130,1),(N,A,V,444,A,I,126,1),(N,A,Y,423,A,D,123,2),(N,A,H,445,A,H,125,2),(N,A,S,448,A,T,168,2),(N,A,V,444,A,I,126,2),(N,A,S,679,A,T,168,3),(N,A,L,676,A,I,94,3),(N,A,R,675,A,R,91,3),(N,A,L,605,A,V,122,3),(N,A,M,678,A,H,125,3),(N,A,D,671,A,T,89,4),(N,A,L,676,A,I,94,4),(N,A,R,675,A,R,91,4),(N,A,L,605,A,V,122,4)
1akd.43.HEM.417.A.A	A	(0,12,2,1.53219,1.87617,0.126866,0.72586,0.0940906,2.95569,-0.855965,0.178211,-0.48535,-0.461017,-0.688036,0.560419,-0.234065,0.703454,0.671093,86.132,37.9477,-73.3834),(1,7,1,1.38718,2.62775,0.0985916,1.27086,11.4559,-0.861999,-0.0668051,-0.980311,0.185818,-0.644899,-0.0996816,-0.757739,0.761342,-0.170455,-0.625542,32.5574,95.4529,53.8603),(2,7,6,2.43825,1.95435,0.128176,1.33901,11.4559,-1.42601,0.738055,0.170016,-0.65297,0.648856,0.0866371,0.755963,0.185097,-0.981625,-0.0463729,45.6448,-40.6135,41.5729),(3,6,1,1.31773,3.39411,0.0740741,0.708241,126.407,-3.3276,0.581101,0.730898,0.357923,-0.0441022,0.467435,-0.882927,-0.812635,0.497285,0.303861,-59.9999,70.3216,-32.0713)	(N,A,G,690,A,G,353,0),(N,A,R,526,A,R,299,0),(N,A,T,519,A,T,101,0),(N,A,S,522,A,S,83,0),(N,A,S,691,A,S,354,0),(N,A,L,693,A,Q,108,0),(N,A,M,498,A,M,121,1),(N,A,L,484,A,V,123,1),(N,A,V,487,A,V,118,1),(N,A,L,496,A,V,119,1),(N,A,D,565,A,E,366,1),(N,A,I,469,A,L,166,1),(N,A,R,441,A,R,299,2),(N,A,R,441,A,S,83,2),(N,A,E,434,A,D,297,2),(N,A,P,431,A,P,86,2),(N,A,S,438,A,Q,322,2),(N,A,L,427,A,L,356,3),(N,A,R,441,A,R,112,3),(N,A,A,451,A,L,244,3),(N,A,D,424,A,G,359,3),(N,A,L,425,A,L,358,3)
1b2v.43.HEM.200.A.A	A	(0,11,2,2.64389,2.49356,0.126172,1.27267,13.6933,-1.22671,0.913144,-0.284049,0.292375,-0.297805,-0.954623,0.00266509,0.278351,-0.0895046,-0.9563,-25.5926,45.0086,103.841)	(N,A,K,459,A,T,38,0),(N,A,H,489,A,H,32,0),(N,A,H,493,A,N,36,0),(N,A,I,469,A,I,57,0),(N,A,K,459,A,N,41,0),(N,A,E,462,A,D,39,0),(N,A,Q,466,A,G,43,0),(N,A,V,487,A,M,140,0)
1ai9.48.NDP.193.A.A	A	(0,8,1,2.91456,2.66452,0.0851064,0.372625,42.5258,-2.75203,0.551618,-0.047928,0.832719,-0.357993,0.888114,0.288262,-0.753365,-0.457118,0.472741,-73.4899,-36.9099,16.1899),(1,6,1,2.7384,1.97373,0.142857,0.86689,84.4459,-3.65762,-0.976478,-0.0761531,-0.20172,-0.104465,0.985508,0.133642,0.188619,0.151571,-0.970283,76.3914,-24.9079,66.5158),(2,6,1,2.25102,1.78502,0.096,0.815573,167.689,-4.14471,0.815236,-0.502048,0.288683,-0.351319,-0.0324467,0.935693,-0.460397,-0.864231,-0.202831,-3.79639,-59.6586,83.0486),(3,8,1,1.77918,2.45394,0.0903955,0.833804,469.239,-4.64889,0.995138,0.0741291,-0.0648538,0.0310943,-0.861224,-0.507274,-0.0934574,0.502791,-0.859341,7.40198,67.6675,57.3782),(4,7,1,2.84196,1.81461,0.133333,0.944152,2607.41,-6.96489,0.583754,0.251273,-0.772071,-0.447506,-0.693863,-0.564174,-0.677473,0.674845,-0.292599,70.2247,83.7166,16.5994)	(N,A,P,672,A,D,146,0),(N,A,S,602,A,N,119,0),(N,A,E,601,A,N,119,0),(N,A,E,601,A,E,116,0),(N,A,L,667,A,L,17,0),(N,A,L,681,A,V,10,0),(N,A,M,678,A,Y,118,0),(N,A,L,605,A,L,149,0),(N,A,E,636,A,E,120,1),(N,A,V,635,A,I,117,1),(N,A,I,637,A,L,121,1),(N,A,K,642,A,N,119,1),(N,A,L,545,A,S,94,2),(N,A,E,505,A,E,120,2),(N,A,E,505,A,E,116,2),(N,A,L,506,A,I,117,2),(N,A,L,551,A,L,121,2),(N,A,S,438,A,V,10,3),(N,A,I,456,A,A,12,3),(N,A,V,497,A,P,26,3),(N,A,M,498,A,M,25,3),(N,A,E,468,A,E,32,3),(N,A,I,469,A,L,29,3),(N,A,K,428,A,S,95,4),(N,A,L,425,A,L,121,4),(N,A,D,424,A,E,120,4),(N,A,K,442,A,G,55,4)
1ajq.9.SPA.559.B.B	B	(0,4,1,1.32454,10,0.105263,0.01,244.981,-4.39799,-0.0275208,-0.149826,0.988329,0.741472,0.660037,0.120705,-0.670419,0.736141,0.0929269,-84.8797,-25.1333,30.2236),(1,5,1,2.22935,3.89318,0.102041,0.825113,966.017,-6.06597,-0.0573414,-0.210481,0.975915,0.875705,0.458823,0.15041,-0.47943,0.863238,0.158009,-80.7022,-25.9241,12.5354)	(N,A,H,534,B,H,192,0),(N,A,K,473,B,D,74,0),(N,A,V,538,B,I,177,0),(N,A,K,473,B,D,74,1),(N,A,H,534,B,H,192,1),(N,A,D,537,B,N,178,1),(N,A,K,572,B,W,154,1),(N,A,V,538,B,I,177,1)
1a8t.34.061.250.A.A	A	(0,2,1,0.0606942,3.50391,0.0769231,0.51034,200.877,-1.81012,-0.721472,0.0997382,-0.685223,-0.675789,-0.317152,0.665375,-0.150957,0.943115,0.296218,85.6327,-6.13017,-73.5907),(1,2,1,0.0606942,3.50391,0.0769231,0.51034,200.877,-1.81012,-0.721472,0.0997382,-0.685223,-0.675789,-0.317152,0.665375,-0.150957,0.943115,0.296218,85.6327,-6.13017,-73.5907),(2,10,1,2.08907,2.52718,0.18018,1.29587,101.159,-3.05575,-0.957172,0.157511,0.242924,-0.225465,0.120837,-0.966729,-0.181624,-0.980096,-0.0801487,35.3755,101.049,59.8726)	(N,A,H,445,A,H,82,0),(N,A,H,445,A,H,82,1),(N,A,T,519,A,T,147,2),(N,A,H,515,A,H,84,2),(N,A,S,695,A,D,179,2),(N,A,S,695,A,A,180,2),(N,A,F,516,A,H,82,2),(N,A,N,696,A,I,177,2)
1ajp.12.OMD.210.A.B	B	(0,5,1,1.32398,4.12355,0.123457,1.21293,123.369,-3.49042,-0.0717077,-0.260128,0.962908,0.793383,0.570196,0.213121,-0.604485,0.779237,0.165494,-77.1245,-32.644,19.7275),(1,6,1,2.2478,3.98622,0.117647,0.901226,966.017,-5.89189,-0.0627535,-0.203795,0.977,0.872709,0.463721,0.152783,-0.484192,0.862224,0.148753,-80.7425,-26.2078,13.5779)	(N,A,H,534,B,H,192,0),(N,A,K,473,B,D,74,0),(N,A,D,537,B,N,178,0),(N,A,V,538,B,I,177,0),(N,A,K,473,B,D,74,1),(N,A,H,534,B,H,192,1),(N,A,K,572,B,W,154,1),(N,A,D,537,B,N,178,1),(N,A,V,538,B,I,177,1)
1atn.31.ATP.375.A.A	A	(0,9,1,2.33279,2.85071,0.183673,1.13134,5.29895,-0.405033,-0.226405,0.965274,-0.130333,0.491037,0.228671,0.84059,0.841204,0.126315,-0.525758,57.187,-27.9499,107.667)	(N,A,R,441,A,T,260,0),(N,A,D,429,A,D,187,0),(N,A,D,426,A,D,184,0),(N,A,L,427,A,L,185,0)
1all.43.CYC.175.A.A	A	(0,13,1,0.479639,1.66951,0.176871,0.402279,0.621332,3.25795,0.201156,0.858253,-0.472163,-0.532725,-0.308653,-0.787996,-0.822035,0.410043,0.395125,31.1431,109.271,5.33032),(1,7,1,2.74141,3.82522,0.105263,1.02437,298.303,-4.76235,0.688737,0.315096,0.65296,-0.723255,0.361261,0.588551,-0.0504386,-0.877613,0.476708,-74.9738,-2.92394,17.3194)	(N,A,T,713,A,T,83,0),(N,A,K,716,A,R,86,0),(N,A,H,720,A,Y,90,0),(N,A,V,711,A,T,81,0),(N,A,V,715,A,L,85,0),(N,A,C,714,A,C,84,0),(N,A,G,504,A,E,109,1),(N,A,Y,523,A,Y,90,1),(N,A,L,506,A,P,106,1),(N,A,Y,523,A,Y,91,1),(N,A,I,561,A,I,110,1),(N,A,L,559,A,V,112,1)
1ais.20.5IU.1411.C.A	A	(0,6,1,2.01629,2.42392,0.0952381,1.06534,0.23366,1.59965,0.656191,0.742384,0.1352,-0.680502,0.659609,-0.319111,-0.326082,0.117394,0.938024,-111.512,63.2531,14.8211)	(N,A,L,681,A,L,149,0),(N,A,R,526,A,R,140,0),(N,A,L,687,A,I,138,0),(N,A,S,533,A,S,159,0),(N,A,V,529,A,V,147,0)
1aod.12.INS.296.A.A	A	(0,11,2,2.79376,2.43384,0.142857,1.15394,2.76971,0.19368,-0.703198,-0.449853,-0.550587,0.699491,-0.298986,-0.649091,0.127377,-0.84157,0.524914,102.022,60.1164,9.43948),(1,6,1,1.70061,1.68545,0.133333,0.247566,30.5616,-2.17511,0.217319,-0.857602,0.466146,-0.734271,-0.458285,-0.50082,0.643132,-0.233439,-0.729306,33.5755,125.786,60.5188),(2,6,1,1.92057,2.12537,0.117647,1.07695,30.5616,-2.29675,-0.326409,-0.755657,-0.567837,0.839825,-0.507527,0.192643,-0.433765,-0.414003,0.800281,103.303,2.79015,-9.20825),(3,9,4,1.89728,1.65108,0.139789,0.633563,60.6879,-2.55712,-0.710366,0.624768,0.324107,-0.22265,0.237367,-0.94556,-0.667688,-0.743856,-0.0295123,-7.3604,114.449,60.2185),(4,5,1,1.21597,2.8617,0.119048,1.49549,60.6879,-2.70003,-0.148509,-0.830817,-0.536365,0.775141,-0.434599,0.458563,-0.614086,-0.347658,0.708542,97.4338,-17.1434,1.12496)	(N,A,N,549,A,N,178,0),(N,A,F,719,A,D,46,0),(N,A,D,544,A,E,128,0),(N,A,E,548,A,E,177,0),(N,A,K,546,A,K,126,0),(N,A,K,716,A,D,82,0),(N,A,D,544,A,D,127,0),(N,A,H,712,A,F,195,0),(N,A,H,515,A,H,45,1),(N,A,S,517,A,S,238,1),(N,A,S,694,A,T,240,1),(N,A,P,697,A,T,65,1),(N,A,E,548,A,E,177,2),(N,A,K,546,A,R,124,2),(N,A,P,547,A,L,175,2),(N,A,D,544,A,D,82,2),(N,A,D,565,A,E,128,2),(N,A,Q,491,A,D,278,3),(N,A,D,490,A,S,238,3),(N,A,H,489,A,H,236,3),(N,A,E,462,A,D,82,3),(N,A,Q,466,A,R,124,3),(N,A,Q,466,A,E,177,3),(N,A,V,487,A,L,234,3),(N,A,K,546,A,R,124,4),(N,A,P,547,A,L,175,4),(N,A,D,544,A,D,82,4),(N,A,E,548,A,E,177,4)
1b2i.11.AMH.84.A.A	A	(0,4,1,0.876786,2.94558,0.097561,1.32408,19.048,-1.45487,0.528675,-0.510813,-0.677918,-0.781845,0.0179067,-0.623215,0.330486,0.859505,-0.38991,46.4998,85.6508,-24.9734)	(N,A,R,526,A,R,59,0),(N,A,V,529,A,L,58,0),(N,A,L,687,A,L,74,0)
1afa.12.MBG.3.2.2	2	(0,9,3,2.07533,1.84523,0.123753,0.905208,4152.93,-6.86458,-0.256334,-0.609097,-0.750529,0.958355,-0.059021,-0.279415,0.125894,-0.790897,0.59886,107.476,21.2123,-37.348)	(N,A,N,464,2,H,218,0),(N,A,D,565,2,E,198,0),(N,A,F,568,2,T,202,0),(N,A,N,549,2,D,187,0),(N,A,K,546,2,Q,185,0),(N,A,D,544,2,N,210,0),(N,A,D,544,2,Q,185,0)
1b2l.51.NDC.255.A.A	A	(0,7,1,2.68765,4.82136,0.110236,1.19702,111.715,-3.76317,0.227744,-0.970961,-0.0732624,0.162545,0.112094,-0.980313,0.960058,0.211352,0.183354,0.0346353,117.547,-17.9248)	(N,A,T,669,A,T,211,0),(N,A,R,675,A,Q,216,0),(N,A,N,673,A,S,214,0),(N,A,V,670,A,I,183,0),(N,A,R,675,A,Q,212,0)
1ahi.28.CHO.301.A.A	A	(0,6,1,1.99042,2.8255,0.126316,0.401747,10.1643,-1.26275,0.368734,-0.520137,0.770384,-0.677488,-0.717834,-0.160386,0.636431,-0.462786,-0.617077,-14.6953,89.1025,42.2854)	(N,A,D,565,A,N,153,0),(N,A,D,544,A,E,253,0),(N,A,N,549,A,K,152,0),(N,A,N,549,A,N,151,0),(N,A,E,548,A,E,150,0)
1aqe.43.HEM.119.A.A	A	(0,13,3,2.41346,2.39741,0.135124,1.16698,0.0181351,3.07713,-0.510361,0.165113,-0.843961,0.827332,-0.173495,-0.534248,-0.234634,-0.970895,-0.0480582,85.0299,83.5963,65.7615)	(N,A,Q,491,A,H,33,0),(N,A,I,457,A,V,9,0),(N,A,H,489,A,H,33,0),(N,A,D,490,A,H,33,0),(N,A,H,493,A,H,30,0),(N,A,F,495,A,F,28,0),(N,A,L,496,A,V,26,0),(N,A,I,456,A,V,9,0),(N,A,K,459,A,A,31,0),(N,A,L,496,A,T,27,0)
1ash.43.HEM.301.A.A	A	(0,7,1,1.49727,2.51997,0.14433,0.630916,2.0797,0.607323,-0.145772,0.686081,0.712771,0.285353,0.719005,-0.633723,-0.947272,0.111013,-0.300586,-39.0544,-20.3597,55.7373)	(N,A,H,712,A,H,100,0),(N,A,T,713,A,D,99,0),(N,A,A,710,A,A,97,0),(N,A,V,711,A,V,101,0)
1ao0.27.ADP.468.A.A	A	(0,7,1,1.49657,2.47469,0.100719,0.426321,101.663,-3.08383,0.894004,0.445047,0.0518585,-0.126156,0.361084,-0.92396,-0.429931,0.819482,0.378956,-41.2818,82.7509,18.4894)	(N,A,L,484,A,I,285,0),(N,A,E,499,A,D,345,0),(N,A,V,482,A,V,280,0),(N,A,T,553,A,T,353,0),(N,A,I,481,A,P,281,0),(N,A,L,551,A,I,357,0)
1atj.43.HEM.350.A.A	A	(0,9,1,2.67216,2.06045,0.131387,0.90099,12.1971,-1.32652,-0.53049,-0.844102,0.0779312,0.471981,-0.217752,0.854294,-0.704141,0.489976,0.513915,38.831,-30.3224,5.23658)	(N,A,H,536,A,I,32,0),(N,A,S,679,A,S,73,0),(N,A,R,682,A,R,38,0),(N,A,L,681,A,L,39,0),(N,A,S,533,A,A,34,0),(N,A,Y,683,A,H,42,0)
1aql.35.TCH.602.A.A	A	(0,5,1,2.04771,2.13224,0.106383,1.16395,654.754,-5.59231,0.463221,-0.882557,-0.080738,0.835904,0.404827,0.370648,-0.294433,-0.239181,0.925258,66.8881,-24.7044,-21.9978),(1,9,1,1.957,3.22296,0.134328,1.45584,5126.92,-7.01655,0.238753,-0.643356,0.727386,0.97035,0.187106,-0.153011,-0.0376579,0.74235,0.668953,2.4702,-0.575141,-15.3111),(2,7,1,2.13899,1.69855,0.112,1.53262,5126.92,-7.35678,-0.0206995,0.939226,0.342674,0.531143,0.30071,-0.792124,-0.847029,0.165612,-0.505088,-37.3803,71.1589,135.363)	(N,A,H,445,A,Y,284,0),(N,A,V,487,A,E,388,0),(N,A,H,422,A,H,283,0),(N,A,Q,619,A,E,388,1),(N,A,I,703,A,L,351,1),(N,A,P,701,A,T,352,1),(N,A,M,699,A,L,347,1),(N,A,R,526,A,L,347,2),(N,A,R,526,A,V,348,2),(N,A,R,526,A,S,349,2),(N,A,S,533,A,T,354,2),(N,A,S,530,A,T,352,2),(N,A,H,478,A,Y,526,2)
1awb.16.IPD.281.A.A	A	(0,9,1,2.58414,2.83578,0.121622,0.724259,0.697271,1.13085,0.994799,0.0878259,-0.0515955,-0.0315922,0.747583,0.663417,0.0968371,-0.658336,0.746469,-20.2111,-19.5624,-28.4244),(1,7,1,2.82803,2.76534,0.1,1.33341,10.8419,-1.52153,0.609083,-0.42942,0.666796,-0.705015,-0.67825,0.207197,0.36328,-0.596301,-0.715858,-64.4883,105.874,64.9878),(2,11,2,2.97885,1.74747,0.174603,0.401266,84.8952,-3.14092,0.982285,0.0513314,0.180228,0.137688,0.454698,-0.879938,-0.127118,0.889165,0.439576,-42.0361,101.96,-71.0353),(3,6,2,1.87174,1.4991,0.106195,0.801816,84.8952,-3.28239,0.267762,-0.509679,0.817638,0.558269,-0.609577,-0.562806,0.785264,0.60716,0.121316,-50.0098,114.215,-56.2217),(4,8,1,2.61591,1.98779,0.124031,0.611537,119.632,-3.67075,0.212135,0.180176,-0.960487,-0.563156,-0.780709,-0.270831,-0.798658,0.598357,-0.0641486,89.0167,121.566,-1.27299)	(N,A,E,548,A,E,70,0),(N,A,D,544,A,D,220,0),(N,A,D,565,A,D,93,0),(N,A,S,436,A,N,97,0),(N,A,G,567,A,T,195,0),(N,A,S,438,A,T,96,0),(N,A,S,438,A,N,97,0),(N,A,N,549,A,D,90,0),(N,A,E,685,A,E,71,1),(N,A,D,662,A,D,93,1),(N,A,V,656,A,T,96,1),(N,A,S,657,A,T,96,1),(N,A,Q,692,A,D,41,1),(N,A,L,663,A,I,92,1),(N,A,D,554,A,D,47,2),(N,A,E,499,A,D,41,2),(N,A,H,485,A,S,38,2),(N,A,L,500,A,L,42,2),(N,A,L,501,A,V,43,2),(N,A,T,553,A,E,70,2),(N,A,E,560,A,D,93,3),(N,A,T,553,A,T,95,3),(N,A,L,501,A,V,43,3),(N,A,P,479,A,D,90,3),(N,A,I,561,A,I,92,3),(N,A,Q,421,A,D,93,4),(N,A,Q,421,A,D,220,4),(N,A,H,445,A,H,217,4),(N,A,V,487,A,E,71,4),(N,A,P,418,A,D,90,4),(N,A,Y,423,A,W,219,4),(N,A,V,497,A,V,73,4)
1axs.28.HOP.1006.H.H	H	(0,8,1,2.81834,2.25069,0.120301,0.247372,0.00754679,2.63134,0.5372,-0.604973,0.587728,-0.811338,-0.561092,0.164031,0.230534,-0.564964,-0.792256,-36.6232,6.17564,144.321)	(N,A,H,493,H,Y,102,0),(N,A,F,419,H,F,100,0),(N,A,D,490,H,G,1003,0),(N,A,D,490,H,D,1002,0),(N,A,K,459,H,R,94,0),(N,A,E,462,H,E,35,0),(N,A,H,489,H,H,96,0)
1b3o.43.SAE.600.A.A	A	(0,13,3,1.98194,1.97286,0.152611,1.32867,215.073,-3.49242,-0.219872,0.948014,-0.230056,-0.290101,-0.288699,-0.912411,-0.931395,-0.133874,0.338497,-18.4272,134.194,-7.95339),(1,7,1,2.21885,2.40564,0.10219,1.06203,303.074,-4.56671,0.885159,-0.431394,-0.174335,-0.0665494,0.25345,-0.965057,0.460505,0.86583,0.195634,-10.1338,105.943,-75.5381)	(N,A,E,462,A,D,256,0),(N,A,Q,466,A,H,253,0),(N,A,K,459,A,R,259,0),(N,A,Q,466,A,T,252,0),(N,A,H,489,A,H,93,0),(N,A,E,462,A,K,257,0),(N,A,I,469,A,T,252,0),(N,A,H,478,A,N,303,1),(N,A,T,553,A,T,252,1),(N,A,P,479,A,S,275,1),(N,A,L,559,A,I,250,1),(N,A,E,560,A,D,274,1),(N,A,I,561,A,L,273,1)
1bd0.22.IN5.389.A.A	A	(0,3,1,1.84182,4.92711,0.130435,0.104529,5174.07,-8.06366,0.650016,-0.479882,0.589231,-0.222301,0.621388,0.751305,-0.726678,-0.619347,0.297234,-36.2381,-55.543,72.2231)	(N,A,Q,466,A,V,356,0),(N,A,T,470,A,T,351,0)
1b0u.31.ATP.301.A.A	A	(0,11,1,2.49206,2.58063,0.183333,0.399363,20.3421,-1.552,-0.000955453,0.203179,0.979141,-0.744611,0.653431,-0.136318,-0.667498,-0.729209,0.150665,-49.693,75.5625,92.9084),(1,6,1,1.95172,5.35805,0.12,1.45885,159.284,-3.95077,0.0366352,-0.222891,0.974155,-0.970694,-0.239619,-0.0183207,0.237509,-0.944935,-0.225137,-37.3455,107.102,86.3473)	(N,A,H,536,A,E,179,0),(N,A,Y,683,A,E,56,0),(N,A,S,533,A,Q,100,0),(N,A,L,681,A,L,49,0),(N,A,K,677,A,K,45,0),(N,A,S,679,A,T,47,0),(N,A,R,682,A,R,50,0),(N,A,R,675,A,T,210,1),(N,A,R,682,A,R,50,1),(N,A,L,681,A,L,49,1)
1asy.20.PSU.613.S.B	B	(0,9,1,0.780656,2.45309,0.272727,0.623943,1687.53,-4.98647,0.207127,-0.278451,-0.93785,0.591422,-0.727995,0.346762,-0.779307,-0.626489,0.0138949,124.188,39.3353,35.4922)	(N,A,L,500,B,V,225,0),(N,A,N,502,B,N,227,0),(N,A,L,501,B,V,226,0),(N,A,G,503,B,T,230,0)
1aln.17.CTD.295.A.A	A	(0,10,2,2.34256,1.92067,0.145985,0.776828,11.7188,-1.05108,-0.801921,-0.354868,0.480615,-0.527092,0.0415471,-0.848792,0.281241,-0.933993,-0.220365,62.6606,143.001,53.6084),(1,9,1,2.05064,2.56548,0.141732,1.56786,32.7924,-2.02618,-0.707387,0.0976291,0.700052,-0.570719,-0.66319,-0.48421,0.416994,-0.742057,0.52485,-6.8582,145.168,-12.3212)	(N,A,S,517,A,T,100,0),(N,A,T,519,A,V,101,0),(N,A,H,515,A,Q,99,0),(N,A,E,518,A,E,91,0),(N,A,S,695,A,T,100,0),(N,A,V,656,A,L,68,0),(N,A,S,657,A,S,69,0),(N,A,N,502,A,Q,98,1),(N,A,A,453,A,A,95,1),(N,A,E,499,A,E,91,1),(N,A,M,498,A,I,93,1),(N,A,L,500,A,T,100,1),(N,A,V,482,A,L,68,1),(N,A,L,501,A,M,97,1)
1b48.20.GSH.223.B.B	B	(0,9,1,1.9138,1.79326,0.155172,1.11991,24.65,-1.67659,0.113296,-0.763636,-0.635629,-0.309483,0.580797,-0.752925,0.944131,0.28202,-0.17053,121.905,77.4495,-22.1831)	(N,A,S,522,B,R,15,0),(N,A,R,526,B,R,69,0),(N,A,S,530,B,S,73,0),(N,A,E,685,B,Q,100,0),(N,A,V,529,B,L,72,0)
1b8d.43.PEB.202.A.A	A	(0,8,2,2.42733,2.38645,0.133333,0.861884,25.777,-2.07592,-0.480732,-0.872148,0.0908612,-0.0372615,-0.0832084,-0.995835,0.876076,-0.482115,0.00750336,88.5644,78.3797,0.46969),(1,8,2,2.64363,2.2861,0.115942,0.393724,795.907,-5.57282,0.769768,-0.518524,0.372276,0.0453277,-0.537334,-0.842151,0.636712,0.665136,-0.390119,-1.90838,70.9229,-0.91449)	(N,A,H,478,A,H,48,0),(N,A,N,480,A,D,87,0),(N,A,V,482,A,V,51,0),(N,A,V,482,A,A,55,0),(N,A,I,481,A,V,52,0),(N,A,E,601,A,E,54,1),(N,A,K,572,A,R,137,1),(N,A,V,538,A,D,143,1),(N,A,S,533,A,N,47,1),(N,A,H,536,A,A,50,1),(N,A,Y,599,A,F,133,1)
1b4p.35.GPS.219.A.A	A	(0,7,1,1.51034,3.9727,0.197183,0.739652,12.1888,-1.00662,-0.928961,-0.369428,-0.0235328,0.00338831,0.0550834,-0.998476,0.370161,-0.927625,-0.0499186,93.2309,106.482,65.2142)	(N,A,S,695,A,S,25,0),(N,A,S,694,A,D,24,0),(N,A,H,515,A,H,83,0),(N,A,S,517,A,T,23,0)
1arp.43.HEM.345.A.A	A	(0,11,1,2.20425,1.81774,0.140127,1.29945,3.39644,0.252974,0.292825,0.139467,-0.94594,0.301688,-0.952247,-0.0470059,-0.907324,-0.271614,-0.320918,85.3246,46.512,113.226),(1,8,3,0.865788,2.22322,0.14856,0.415606,74.4202,-2.09285,-0.827937,0.202045,-0.523161,-0.441868,0.339444,0.83038,0.345358,0.918671,-0.191761,86.2839,-29.9156,-24.3851)	(N,A,N,480,A,T,99,0),(N,A,K,527,A,S,45,0),(N,A,E,520,A,K,42,0),(N,A,V,529,A,L,51,0),(N,A,K,527,A,K,49,0),(N,A,R,526,A,R,48,0),(N,A,L,687,A,L,186,0),(N,A,H,515,A,H,184,1),(N,A,E,520,A,D,246,1),(N,A,T,519,A,S,245,1)
1b54.15.PLP.258.A.A	A	(0,6,1,2.02468,1.5157,0.0869565,1.12742,19.234,-1.89578,0.678469,-0.146676,-0.719837,-0.507873,0.614338,-0.603866,0.530796,0.775291,0.342316,69.9344,64.1922,-52.6677),(1,8,1,2.48087,2.20853,0.110345,0.854118,150.607,-3.84715,0.00194455,0.937065,-0.34915,-0.997686,-0.0219097,-0.0643587,-0.067958,0.348467,0.934854,-3.661,69.4205,-69.684)	(N,A,E,462,A,D,243,0),(N,A,V,487,A,A,225,0),(N,A,K,455,A,R,239,0),(N,A,I,457,A,I,240,0),(N,A,T,465,A,T,242,0),(N,A,I,510,A,I,240,1),(N,A,R,509,A,R,239,1),(N,A,I,524,A,A,225,1),(N,A,E,520,A,T,242,1),(N,A,L,559,A,I,183,1)
1b23.32.GNP.406.P.P	P	(0,5,1,1.73611,1.63084,0.078125,1.52397,5500,-7.5548,-0.383959,-0.376292,-0.843196,0.854169,0.202063,-0.47913,0.350672,-0.904199,0.243833,103.794,40.3818,51.1068)	(N,A,A,453,P,H,22,0),(N,A,E,468,P,D,139,0),(N,A,L,472,P,V,141,0),(N,A,I,469,P,V,138,0)
1asz.31.ATP.701.A.A	A	(0,6,1,2.05448,2.14437,0.0857143,1.0178,38.7845,-2.59904,-0.461881,0.817593,-0.343814,0.738742,0.140102,-0.659266,-0.490842,-0.558492,-0.668701,97.8009,82.7767,87.2881)	(N,A,S,533,A,G,340,0),(N,A,K,527,A,R,531,0),(N,A,M,678,A,L,341,0),(N,A,Q,688,A,E,478,0),(N,A,L,687,A,I,479,0),(N,A,R,526,A,R,531,0)
1aq2.31.ATP.541.A.A	A	(0,8,1,0.843083,2.58545,0.132231,1.39511,59.6732,-1.84707,0.384044,-0.621864,-0.682492,-0.322125,-0.782973,0.532155,-0.865301,0.0154768,-0.501014,107.877,11.7933,87.1184),(1,8,1,2.78825,3.94466,0.101266,1.48766,30.0506,-2.36527,-0.476018,-0.878826,-0.032747,-0.59989,0.35171,-0.718632,0.64307,-0.322437,-0.694619,63.0335,86.1251,69.7991),(2,11,1,2.18569,2.89024,0.147651,0.855241,467.258,-4.53199,0.290627,0.955304,0.0541241,0.834248,-0.225286,-0.503266,-0.468579,0.191416,-0.862435,-45.2825,19.5658,96.7863),(3,12,2,2.61197,2.90681,0.167196,1.40449,927.862,-5.30862,0.15645,0.961977,-0.223885,0.755672,-0.262544,-0.600026,-0.635991,-0.07531,-0.768013,-16.9247,33.5753,111.026)	(N,A,E,499,A,E,297,0),(N,A,V,482,A,L,292,0),(N,A,I,481,A,I,290,0),(N,A,L,501,A,I,300,0),(N,A,P,573,A,S,258,1),(N,A,R,570,A,R,456,1),(N,A,L,571,A,L,257,1),(N,A,C,475,A,I,458,1),(N,A,L,474,A,V,439,1),(N,A,T,470,A,T,441,1),(N,A,S,517,A,R,456,2),(N,A,E,518,A,D,454,2),(N,A,S,691,A,W,443,2),(N,A,S,694,A,S,451,2),(N,A,Q,692,A,R,449,2),(N,A,Q,688,A,N,440,2),(N,A,L,693,A,I,450,2),(N,A,T,519,A,T,455,2),(N,A,E,518,A,D,454,3),(N,A,D,689,A,N,440,3),(N,A,S,517,A,I,452,3),(N,A,S,691,A,W,443,3),(N,A,S,691,A,N,440,3),(N,A,S,694,A,S,451,3),(N,A,L,693,A,I,450,3)
1b25.52.PTT.800.A.A	A	(0,7,1,1.91821,2.20161,0.12069,0.663742,8.81734,-0.936401,-0.962832,0.222494,0.153138,-0.259286,-0.920198,-0.293268,0.0756674,-0.322075,0.943686,47.267,138.937,74.0173),(1,9,1,2.52208,2.94505,0.136364,1.22416,540.622,-5.0215,-0.289701,0.0136966,-0.957019,0.642473,-0.738364,-0.205051,-0.709437,-0.674263,0.205105,139.073,122.873,145.968),(2,7,1,1.9827,2.58201,0.107692,1.02124,761.828,-5.37493,-0.940572,0.327241,-0.0907644,-0.228004,-0.806599,-0.545355,-0.251673,-0.492251,0.833276,61.9635,153.134,94.2581)	(N,A,R,441,A,R,492,0),(N,A,E,434,A,E,497,0),(N,A,K,442,A,R,492,0),(N,A,I,439,A,V,496,0),(N,A,N,449,A,S,303,1),(N,A,D,426,A,N,309,1),(N,A,D,424,A,D,306,1),(N,A,H,445,A,N,293,1),(N,A,Y,423,A,T,240,1),(N,A,V,444,A,L,305,1),(N,A,E,434,A,E,497,2),(N,A,L,427,A,K,438,2),(N,A,L,425,A,E,486,2),(N,A,R,441,A,R,492,2),(N,A,I,439,A,V,496,2)
1bcc.49.PEE.198.E.E	E	(0,10,1,0.221407,1.10385,0.210526,1.11757,339.927,-2.01986,0.633725,-0.626927,-0.453161,0.611273,0.76486,-0.203311,0.474065,-0.148162,0.867934,83.6347,96.6697,-38.0548)	(N,A,I,469,E,V,39,0),(N,A,T,470,E,T,40,0),(N,A,L,472,E,V,42,0),(N,A,L,474,E,T,44,0)
1bsu.21.DI.907.C.A	A	(0,7,1,1.87601,1.92734,0.123894,1.49227,421.44,-4.7281,-0.89522,0.237933,-0.376787,0.43885,0.323858,-0.838169,-0.0774025,-0.915699,-0.394341,71.6219,29.4074,78.6717)	(N,A,S,522,A,V,39,0),(N,A,E,659,A,E,45,0),(N,A,T,519,A,T,37,0),(N,A,W,686,A,T,42,0),(N,A,S,695,A,T,94,0)
1bai.59.0Q4.125.A.A	A	(0,6,1,1.90062,1.86361,0.12766,1.45068,38.7022,-2.5191,-0.714055,0.604904,-0.352443,-0.0265758,-0.526484,-0.84977,-0.699585,-0.597416,0.392014,30.6844,111.391,63.9879),(1,6,1,1.5627,1.85517,0.115385,0.930645,54.538,-2.66265,-0.126725,0.500081,-0.856656,0.976688,-0.0879453,-0.19582,-0.173265,-0.861501,-0.477278,57.8077,27.5144,114.306),(2,4,1,2.41083,2.67633,0.0987654,0.666774,108.299,-4.18317,-0.468656,0.701713,0.53662,-0.120894,0.550798,-0.825836,-0.875069,-0.451908,-0.173302,-59.0887,85.7751,78.857),(3,9,1,1.73682,1.69162,0.122449,0.986,427.048,-4.4129,0.32726,0.563096,0.75883,-0.629964,-0.468539,0.619368,0.704305,-0.68073,0.201396,-104.65,1.14854,30.7958),(4,3,1,1.00713,2.29449,0.0869565,1.06676,303.05,-4.62403,-0.57164,0.709832,0.411541,-0.00736336,0.497113,-0.867655,-0.820472,-0.499016,-0.278943,-45.7394,88.1242,88.2236)	(N,A,R,509,A,R,10,0),(N,A,E,508,A,D,9,0),(N,A,I,561,A,V,106,0),(N,A,R,441,A,R,10,1),(N,A,I,439,A,L,12,1),(N,A,H,493,A,N,107,1),(N,A,I,456,A,L,35,1),(N,A,M,461,A,L,114,2),(N,A,E,462,A,D,37,2),(N,A,A,463,A,A,40,2),(N,A,H,485,A,D,37,3),(N,A,N,502,A,H,65,3),(N,A,D,554,A,G,69,3),(N,A,L,551,A,V,73,3),(N,A,L,501,A,I,64,3),(N,A,V,482,A,V,44,3),(N,A,I,564,A,L,100,3),(N,A,E,462,A,D,37,4),(N,A,A,463,A,A,40,4)
1bbh.43.HEM.132.A.A	A	(0,10,1,2.96685,2.18654,0.111732,0.762177,0.00388673,2.92962,-0.867855,0.184078,-0.461458,-0.28207,-0.947171,0.152652,-0.408979,0.262643,0.87393,80.0065,81.3931,-29.6271),(1,10,1,2.12033,2.23177,0.16129,0.533274,0.0851631,2.48511,0.982501,-0.16848,0.0794133,-0.151725,-0.971252,-0.183436,0.108036,0.168177,-0.979819,-6.80023,107.005,131.376)	(N,A,F,488,A,F,77,0),(N,A,A,453,A,T,71,0),(N,A,Y,423,A,Y,58,0),(N,A,K,483,A,R,129,0),(N,A,L,496,A,V,73,0),(N,A,M,498,A,V,73,0),(N,A,Q,450,A,A,14,0),(N,A,Q,450,A,Q,13,0),(N,A,V,497,A,V,73,0),(N,A,L,506,A,V,92,1),(N,A,E,505,A,E,90,1),(N,A,E,548,A,E,90,1),(N,A,P,547,A,R,89,1),(N,A,D,544,A,D,83,1),(N,A,L,545,A,V,84,1),(N,A,K,546,A,K,86,1)
1b09.11.PC.500.A.A	A	(0,7,1,2.27836,2.26169,0.132075,1.0768,1985.23,-6.47129,0.936814,-0.122192,0.327794,0.293296,-0.236384,-0.926337,0.190676,0.963946,-0.18561,93.0975,241.547,16.0426),(1,5,1,2.28831,2.23342,0.103093,1.22162,1985.23,-6.81212,0.954113,-0.130408,0.26956,0.234782,-0.232962,-0.943719,0.185866,0.963702,-0.191655,97.4914,244.498,16.6639)	(N,A,D,544,A,N,61,0),(N,A,N,723,A,G,79,0),(N,A,D,544,A,D,60,0),(N,A,D,565,A,E,138,0),(N,A,N,549,A,D,140,0),(N,A,N,723,A,G,79,1),(N,A,D,544,A,D,60,1),(N,A,D,565,A,E,138,1),(N,A,D,544,A,N,61,1),(N,A,N,549,A,D,140,1)
1b74.10.DGN.538.A.A	A	(0,7,1,1.299,3.61634,0.166667,0.673509,14.1547,-1.00006,-0.751523,-0.656481,0.0651558,-0.659699,0.74736,-0.0790582,0.00320541,-0.102397,-0.994738,97.8104,40.6311,100.912),(1,4,1,2.61519,2.53551,0.0851064,0.352629,3422.22,-7.71323,-0.57315,0.0677986,-0.816641,-0.815825,0.0464303,0.576432,0.0769981,0.996618,0.0287002,88.7662,16.1634,-9.36182)	(N,A,S,695,A,G,9,0),(N,A,S,694,A,S,8,0),(N,A,N,696,A,D,7,0),(N,A,H,515,A,Y,30,0),(N,A,L,693,A,V,37,0),(N,A,T,519,A,T,34,0),(N,A,H,712,A,G,177,1),(N,A,E,548,A,L,176,1),(N,A,A,710,A,A,116,1),(N,A,V,711,A,V,118,1)
1bb5.43.CTO.800.A.A	A	(0,4,1,2.82007,1.65333,0.102564,1.05026,630.902,-6.09841,-0.0710448,-0.951518,0.299276,-0.954873,-0.0218696,-0.296208,0.288392,-0.306815,-0.907025,17.9281,56.9144,124.728)	(N,A,H,493,A,W,64,0),(N,A,D,490,A,D,102,0),(N,A,L,492,A,V,99,0)
1bvb.43.HEM.213.A.A	A	(0,11,1,1.72579,3.52154,0.13253,1.33646,0.0690775,2.85992,0.400532,0.719406,0.567476,-0.864075,0.502622,-0.0273141,-0.304876,-0.479401,0.822937,-16.4428,114.92,64.5595)	(N,A,D,604,A,E,89,0),(N,A,R,543,A,R,8,0),(N,A,K,726,A,Q,18,0),(N,A,C,603,A,C,88,0),(N,A,N,723,A,H,15,0),(N,A,N,723,A,S,12,0),(N,A,K,724,A,K,16,0)
