1a8r.32.GTP.401.A.B	B	(0,9,1,2.39845,2.23268,0.206897,0.828146,52.0569,-2.63946,0.841229,-0.469205,0.268663,0.533401,0.638945,-0.554286,0.0884134,0.609586,0.787774,218.931,75.1547,61.417),(1,7,1,2.17437,2.97487,0.142857,1.52198,145.669,-3.81559,-0.530604,-0.00444954,-0.847608,-0.0828349,-0.994927,0.0570776,-0.843563,0.100497,0.527543,167.112,44.9436,23.3932),(2,11,1,2.35875,2.23119,0.231579,0.883633,2265.01,-6.18579,0.610609,-0.750407,0.253074,-0.186766,-0.447004,-0.874818,0.769594,0.486906,-0.413095,186.29,47.2658,91.4846)	(N,A,I,447,B,I,86,0),(N,A,T,448,B,T,87,0),(N,A,I,449,B,L,88,0),(N,A,R,222,B,E,90,0),(N,A,T,450,B,K,85,1),(N,A,I,449,B,I,86,1),(N,A,T,448,B,T,87,1),(N,A,I,447,B,I,89,1),(N,A,Y,152,B,S,135,1),(N,A,I,447,B,L,88,1),(N,A,V,429,B,I,86,2),(N,A,T,433,B,I,132,2),(N,A,S,431,B,L,88,2),(N,A,R,436,B,K,136,2),(N,A,T,430,B,T,87,2),(N,A,Q,428,B,K,85,2),(N,A,Y,437,B,P,84,2)
1a4i.48.NDP.302.A.A	A	(0,9,2,2.21923,1.65664,0.142903,1.12745,1.59704,0.678972,0.302408,-0.109053,0.94692,0.790834,-0.525867,-0.313122,0.532101,0.843547,-0.0727838,-20.1644,88.4241,46.8737)	(N,A,D,274,A,D,255,0),(N,A,N,279,A,N,239,0),(N,A,T,312,A,T,216,0),(N,A,L,295,A,M,221,0),(N,A,D,292,A,G,217,0)
1a2b.32.GSP.538.A.A	A	(0,6,1,2.90343,2.97503,0.11215,0.848666,5.35461,-1.03892,-0.11436,0.804743,0.582504,0.602854,-0.409832,0.684547,0.789613,0.42945,-0.438275,11.4901,44.0603,40.05),(1,4,1,1.06972,1.9508,0.142857,0.420367,10.6329,-1.09033,0.950954,-0.0812172,-0.29848,-0.277757,-0.648898,-0.708366,-0.136151,0.756528,-0.639631,59.4283,33.4805,50.7962)	(N,A,V,145,A,L,21,0),(N,A,E,169,A,T,19,0),(N,A,E,169,A,D,59,0),(N,A,Y,176,A,Y,42,0),(N,A,T,172,A,T,37,0),(N,A,D,274,A,D,124,1),(N,A,E,314,A,D,87,1),(N,A,T,312,A,T,127,1)
1a0f.23.GTS.203.A.A	A	(0,9,1,2.61042,2.45047,0.125874,0.627225,132.486,-3.65253,0.103884,-0.986083,0.129804,0.994455,0.100835,-0.0298643,0.0163598,0.132187,0.99109,47.2923,-23.2056,48.8709),(1,6,2,2.94431,3.03018,0.107143,1.27252,522.424,-5.54755,-0.406869,-0.907796,-0.101801,-0.537259,0.147676,0.830388,-0.73879,0.392553,-0.547806,14.5139,-62.5287,64.8082)	(N,A,M,227,A,Q,71,0),(N,A,N,199,A,S,14,0),(N,A,Q,203,A,C,10,0),(N,A,A,476,A,A,102,0),(N,A,Y,474,A,Y,157,0),(N,A,S,205,A,E,65,0),(N,A,L,213,A,V,67,0),(N,A,R,436,A,K,49,1),(N,A,D,434,A,N,47,1),(N,A,Y,437,A,Q,51,1),(N,A,K,426,A,H,106,1),(N,A,T,430,A,T,64,1)
1a0i.31.ATP.1.A.A	A	(0,11,2,1.67632,2.54432,0.164164,0.504801,5.27182,0.130814,-0.0139475,-0.993816,0.110161,-0.99774,0.0210746,0.0638005,-0.0657275,-0.109022,-0.991864,19.3803,-40.6521,69.6773)	(N,A,T,197,A,S,13,0),(N,A,F,293,A,F,14,0),(N,A,K,297,A,N,243,0),(N,A,E,298,A,E,242,0),(N,A,R,200,A,K,238,0),(N,A,L,196,A,V,12,0)
1a2i.43.HEC.108.A.A	A	(0,6,1,1.06378,1.97724,0.121212,1.18176,3.21878,0.422609,0.390805,0.820993,0.416223,0.915258,-0.394662,-0.0809023,0.0978469,0.412568,-0.905656,3.45608,30.7557,10.4187),(1,8,1,1.47787,2.15119,0.173913,1.00381,3.21878,0.381521,-0.131544,-0.905779,0.402817,-0.802415,0.335895,0.49326,-0.582088,-0.258341,-0.770995,-19.7017,-23.1221,-22.9384)	(N,A,A,177,A,V,18,0),(N,A,E,228,A,E,12,0),(N,A,T,211,A,T,14,0),(N,A,A,212,A,A,13,0),(N,A,Q,445,A,E,12,1),(N,A,A,444,A,A,13,1),(N,A,M,446,A,M,11,1),(N,A,L,155,A,P,17,1),(N,A,T,443,A,T,14,1)
1a27.20.EST.350.A.A	A	(0,8,1,2.73515,3.33657,0.0969697,0.831054,133.308,-3.82315,0.117283,-0.992966,-0.0162546,0.892505,0.0982106,0.440216,-0.435523,-0.066137,0.897745,8.34411,10.2769,-65.5266),(1,5,1,2.91755,2.1457,0.0763359,0.480026,373.031,-5.38431,-0.0171547,-0.929695,-0.367931,0.875555,-0.191662,0.443473,-0.482813,-0.314536,0.817287,20.5836,7.42526,-65.2927)	(N,A,R,370,A,P,187,0),(N,A,I,366,A,L,149,0),(N,A,Y,340,A,Y,218,0),(N,A,T,371,A,K,223,0),(N,A,M,343,A,L,219,0),(N,A,L,372,A,V,225,0),(N,A,L,380,A,V,283,0),(N,A,Y,340,A,Y,218,1),(N,A,L,372,A,V,225,1),(N,A,P,374,A,E,282,1),(N,A,L,380,A,V,283,1)
1a8a.16.GSE.997.A.A	A	(0,10,1,2.83173,2.34425,0.135135,1.10653,0.61522,1.22633,0.694872,0.146235,0.704108,0.138888,-0.987962,0.0681212,0.705594,0.050457,-0.706818,14.8997,60.5955,38.0201),(1,8,1,2.20418,3.17902,0.105263,0.781865,0.86695,1.02392,-0.950002,-0.242902,-0.196199,-0.219662,0.0733406,0.972815,-0.22191,0.967274,-0.12303,-2.92459,25.8459,-3.20196)	(N,A,C,296,A,Y,211,0),(N,A,E,298,A,E,182,0),(N,A,K,268,A,K,184,0),(N,A,R,200,A,R,225,0),(N,A,N,199,A,D,224,0),(N,A,T,197,A,T,222,0),(N,A,R,200,A,R,225,1),(N,A,L,202,A,I,223,1),(N,A,V,201,A,I,223,1),(N,A,E,298,A,E,232,1),(N,A,H,194,A,T,187,1),(N,A,T,197,A,T,227,1),(N,A,V,270,A,L,235,1)
1a0f.23.GTS.203.A.A	A	(0,9,1,2.61042,2.45047,0.125874,0.627225,132.486,-3.65253,0.103884,-0.986083,0.129804,0.994455,0.100835,-0.0298643,0.0163598,0.132187,0.99109,47.2923,-23.2056,48.8709),(1,6,2,2.94431,3.03018,0.107143,1.27252,522.424,-5.54755,-0.406869,-0.907796,-0.101801,-0.537259,0.147676,0.830388,-0.73879,0.392553,-0.547806,14.5139,-62.5287,64.8082)	(N,A,M,227,A,Q,71,0),(N,A,N,199,A,S,14,0),(N,A,Q,203,A,C,10,0),(N,A,A,476,A,A,102,0),(N,A,Y,474,A,Y,157,0),(N,A,S,205,A,E,65,0),(N,A,L,213,A,V,67,0),(N,A,R,436,A,K,49,1),(N,A,D,434,A,N,47,1),(N,A,Y,437,A,Q,51,1),(N,A,K,426,A,H,106,1),(N,A,T,430,A,T,64,1)
12as.23.AMP.332.A.A	A	(0,7,1,0.973036,2.47076,0.147368,0.577854,7.00194,-0.0404342,-0.314467,-0.130696,0.940228,-0.822016,-0.45788,-0.338578,0.474763,-0.879354,0.0365537,-2.33324,-16.3426,2.02274),(1,8,1,1.92799,2.45656,0.205128,1.03657,77.2608,-2.93066,0.60591,0.525764,-0.59703,-0.680625,0.73113,-0.0468916,0.411853,0.434766,0.800847,68.5064,-18.0324,-11.4836)	(N,A,R,436,A,R,214,0),(N,A,D,434,A,D,212,0),(N,A,V,429,A,I,201,0),(N,A,H,354,A,R,214,1),(N,A,E,359,A,D,235,1),(N,A,N,351,A,H,211,1),(N,A,D,353,A,D,212,1),(N,A,Q,352,A,H,211,1),(N,A,L,357,A,I,201,1)
1a2s.43.HEC.90.A.A	A	(0,10,1,2.22923,2.41375,0.138889,0.343985,0.0110736,3.00816,-0.170461,0.860732,-0.47967,-0.117948,-0.501118,-0.857304,-0.97828,-0.089561,0.186942,-5.11003,18.1025,-23.6442),(1,11,2,2.78713,2.24967,0.11836,0.389043,5.31647,-0.38534,-0.534684,0.419708,-0.733456,0.803597,-0.0159792,-0.59496,-0.26143,-0.907518,-0.328733,9.33705,35.73,18.3733),(2,3,1,1.11462,3.25781,0.0810811,1.09466,14.8769,-1.74241,-0.427892,-0.547016,0.719501,-0.376087,0.831627,0.4086,-0.821868,-0.0957586,-0.561572,-36.8933,-28.6156,3.89979)	(N,A,H,194,A,H,30,0),(N,A,R,273,A,K,58,0),(N,A,E,191,A,D,29,0),(N,A,V,192,A,T,31,0),(N,A,T,195,A,T,31,0),(N,A,L,196,A,L,32,0),(N,A,A,193,A,A,36,0),(N,A,S,266,A,A,16,1),(N,A,A,399,A,C,18,1),(N,A,D,262,A,A,17,1),(N,A,D,262,A,N,25,1),(N,A,H,265,A,H,19,1),(N,A,V,271,A,L,32,1),(N,A,I,300,A,V,80,1),(N,A,S,266,A,A,20,1),(N,A,E,314,A,D,29,2),(N,A,P,313,A,P,28,2),(N,A,Y,315,A,H,30,2)
1a2b.32.GSP.538.A.A	A	(0,6,1,2.90343,2.97503,0.11215,0.848666,5.35461,-1.03892,-0.11436,0.804743,0.582504,0.602854,-0.409832,0.684547,0.789613,0.42945,-0.438275,11.4901,44.0603,40.05),(1,4,1,1.06972,1.9508,0.142857,0.420367,10.6329,-1.09033,0.950954,-0.0812172,-0.29848,-0.277757,-0.648898,-0.708366,-0.136151,0.756528,-0.639631,59.4283,33.4805,50.7962)	(N,A,V,145,A,L,21,0),(N,A,E,169,A,T,19,0),(N,A,E,169,A,D,59,0),(N,A,Y,176,A,Y,42,0),(N,A,T,172,A,T,37,0),(N,A,D,274,A,D,124,1),(N,A,E,314,A,D,87,1),(N,A,T,312,A,T,127,1)
1a2i.43.HEC.108.A.A	A	(0,6,1,1.06378,1.97724,0.121212,1.18176,3.21878,0.422609,0.390805,0.820993,0.416223,0.915258,-0.394662,-0.0809023,0.0978469,0.412568,-0.905656,3.45608,30.7557,10.4187),(1,8,1,1.47787,2.15119,0.173913,1.00381,3.21878,0.381521,-0.131544,-0.905779,0.402817,-0.802415,0.335895,0.49326,-0.582088,-0.258341,-0.770995,-19.7017,-23.1221,-22.9384)	(N,A,A,177,A,V,18,0),(N,A,E,228,A,E,12,0),(N,A,T,211,A,T,14,0),(N,A,A,212,A,A,13,0),(N,A,Q,445,A,E,12,1),(N,A,A,444,A,A,13,1),(N,A,M,446,A,M,11,1),(N,A,L,155,A,P,17,1),(N,A,T,443,A,T,14,1)
1a0i.31.ATP.1.A.A	A	(0,11,2,1.67632,2.54432,0.164164,0.504801,5.27182,0.130814,-0.0139475,-0.993816,0.110161,-0.99774,0.0210746,0.0638005,-0.0657275,-0.109022,-0.991864,19.3803,-40.6521,69.6773)	(N,A,T,197,A,S,13,0),(N,A,F,293,A,F,14,0),(N,A,K,297,A,N,243,0),(N,A,E,298,A,E,242,0),(N,A,R,200,A,K,238,0),(N,A,L,196,A,V,12,0)
1a27.20.EST.350.A.A	A	(0,8,1,2.73515,3.33657,0.0969697,0.831054,133.308,-3.82315,0.117283,-0.992966,-0.0162546,0.892505,0.0982106,0.440216,-0.435523,-0.066137,0.897745,8.34411,10.2769,-65.5266),(1,5,1,2.91755,2.1457,0.0763359,0.480026,373.031,-5.38431,-0.0171547,-0.929695,-0.367931,0.875555,-0.191662,0.443473,-0.482813,-0.314536,0.817287,20.5836,7.42526,-65.2927)	(N,A,R,370,A,P,187,0),(N,A,I,366,A,L,149,0),(N,A,Y,340,A,Y,218,0),(N,A,T,371,A,K,223,0),(N,A,M,343,A,L,219,0),(N,A,L,372,A,V,225,0),(N,A,L,380,A,V,283,0),(N,A,Y,340,A,Y,218,1),(N,A,L,372,A,V,225,1),(N,A,P,374,A,E,282,1),(N,A,L,380,A,V,283,1)
1a8r.32.GTP.401.A.B	B	(0,9,1,2.39845,2.23268,0.206897,0.828146,52.0569,-2.63946,0.841229,-0.469205,0.268663,0.533401,0.638945,-0.554286,0.0884134,0.609586,0.787774,218.931,75.1547,61.417),(1,7,1,2.17437,2.97487,0.142857,1.52198,145.669,-3.81559,-0.530604,-0.00444954,-0.847608,-0.0828349,-0.994927,0.0570776,-0.843563,0.100497,0.527543,167.112,44.9436,23.3932),(2,11,1,2.35875,2.23119,0.231579,0.883633,2265.01,-6.18579,0.610609,-0.750407,0.253074,-0.186766,-0.447004,-0.874818,0.769594,0.486906,-0.413095,186.29,47.2658,91.4846)	(N,A,I,447,B,I,86,0),(N,A,T,448,B,T,87,0),(N,A,I,449,B,L,88,0),(N,A,R,222,B,E,90,0),(N,A,T,450,B,K,85,1),(N,A,I,449,B,I,86,1),(N,A,T,448,B,T,87,1),(N,A,I,447,B,I,89,1),(N,A,Y,152,B,S,135,1),(N,A,I,447,B,L,88,1),(N,A,V,429,B,I,86,2),(N,A,T,433,B,I,132,2),(N,A,S,431,B,L,88,2),(N,A,R,436,B,K,136,2),(N,A,T,430,B,T,87,2),(N,A,Q,428,B,K,85,2),(N,A,Y,437,B,P,84,2)
16pk.39.BIS.499.A.A	A	(0,6,1,1.22683,2.6362,0.130435,1.55941,2.24668,0.588141,-0.588579,-0.686156,0.427509,0.808436,-0.497997,0.313736,-0.00237322,0.530272,0.847824,-10.8404,43.1164,1.94727),(1,7,1,2.7256,3.43837,0.114754,0.904321,1.59433,0.223475,0.883957,-0.419001,0.207503,0.207801,-0.0455052,-0.977112,0.418853,0.906845,0.0468442,-7.56766,93.8794,-3.19708),(2,4,1,1.24456,2.98491,0.0941176,0.829181,12.4841,-1.39572,-0.62517,-0.623237,0.469829,-0.775705,0.562698,-0.285749,-0.086283,-0.54309,-0.83523,-22.9598,15.701,50.4623),(3,6,1,1.18287,1.61219,0.118812,1.20795,137.752,-3.30525,-0.484622,-0.215515,0.847758,0.850658,0.109654,0.514156,-0.203768,0.970324,0.130189,-36.4926,68.8041,14.8138)	(N,A,R,174,A,R,135,0),(N,A,E,169,A,E,140,0),(N,A,K,214,A,R,22,0),(N,A,A,476,A,A,166,0),(N,A,H,265,A,H,288,1),(N,A,R,328,A,I,317,1),(N,A,R,328,A,P,285,1),(N,A,W,332,A,Y,245,1),(N,A,G,393,A,G,241,1),(N,A,A,329,A,A,244,1),(N,A,N,324,A,N,26,2),(N,A,K,307,A,R,39,2),(N,A,D,325,A,D,24,2),(N,A,D,434,A,D,377,3),(N,A,Q,428,A,E,345,3),(N,A,S,431,A,P,340,3),(N,A,T,435,A,S,380,3),(N,A,T,433,A,S,378,3)
1a05.12.IPM.401.A.A	A	(0,11,1,2.49552,2.80056,0.186441,1.42757,3.83784,0.0204743,-0.910114,-0.414353,0.00187677,-0.24124,0.533547,0.810636,-0.336891,0.737318,-0.585548,-27.1492,1.0491,21.8955),(1,7,1,2.64996,2.49647,0.133333,1.4517,331.593,-4.83405,-0.597678,0.534243,0.5978,0.741018,0.652749,0.157517,-0.306061,0.537126,-0.786017,-5.44559,58.1191,60.7163)	(N,A,E,184,A,D,246,0),(N,A,R,465,A,R,105,0),(N,A,R,466,A,R,133,0),(N,A,V,185,A,I,247,0),(N,A,S,463,A,N,103,0),(N,A,Q,428,A,D,250,1),(N,A,S,431,A,S,264,1),(N,A,D,434,A,E,275,1),(N,A,V,429,A,I,277,1)
1a2t.25.THP.151.A.A	A	(0,6,1,2.24854,3.01795,0.125,1.53754,0.0333549,2.21502,-0.481367,0.672769,0.561843,0.148061,-0.569371,0.808637,0.863923,0.472438,0.174466,-1.60218,-1.24686,33.6667),(1,7,1,2.72073,3.02243,0.134615,1.3592,4.06108,-0.568523,0.48807,-0.650877,0.581504,-0.644676,0.180291,0.742891,-0.588371,-0.737465,-0.33161,12.2659,-26.0457,8.95747),(2,9,1,2.71444,2.42114,0.176471,0.399576,5.72274,-0.627413,-0.428796,-0.260142,0.865136,0.0512774,0.949091,0.310802,-0.901945,0.177632,-0.393626,-28.9537,6.3727,-2.32009),(3,5,1,0.916208,3.04027,0.123457,1.13788,31.7994,-1.77802,-0.0187352,0.510797,0.859497,-0.926012,0.315304,-0.207569,-0.377028,-0.799794,0.467097,-3.85307,7.9462,3.10087),(4,6,1,2.96834,1.95922,0.104348,1.38053,44.8108,-3.10975,-0.362995,-0.903828,0.22656,0.667246,-0.0824183,0.740264,-0.650399,0.419883,0.632993,-11.1212,19.4502,-17.8298)	(N,A,Y,417,A,Y,85,0),(N,A,E,418,A,D,83,0),(N,A,D,285,A,D,21,0),(N,A,K,419,A,R,87,0),(N,A,D,283,A,D,19,0),(N,A,E,198,A,E,52,1),(N,A,D,274,A,D,19,1),(N,A,T,291,A,H,46,1),(N,A,T,312,A,T,22,1),(N,A,Y,272,A,T,44,1),(N,A,D,292,A,E,43,1),(N,A,T,312,A,T,22,2),(N,A,D,274,A,D,21,2),(N,A,L,277,A,T,44,2),(N,A,D,292,A,D,40,2),(N,A,D,274,A,T,41,2),(N,A,N,279,A,T,41,2),(N,A,E,278,A,E,43,2),(N,A,D,283,A,D,83,3),(N,A,K,289,A,R,87,3),(N,A,H,287,A,Y,85,3),(N,A,E,314,A,D,83,4),(N,A,N,279,A,D,21,4),(N,A,N,279,A,R,35,4),(N,A,E,234,A,D,19,4),(N,A,E,278,A,D,21,4),(N,A,D,292,A,D,40,4)
1a4i.48.NDP.302.A.A	A	(0,9,2,2.21923,1.65664,0.142903,1.12745,1.59704,0.678972,0.302408,-0.109053,0.94692,0.790834,-0.525867,-0.313122,0.532101,0.843547,-0.0727838,-20.1644,88.4241,46.8737)	(N,A,D,274,A,D,255,0),(N,A,N,279,A,N,239,0),(N,A,T,312,A,T,216,0),(N,A,L,295,A,M,221,0),(N,A,D,292,A,G,217,0)
1a2n.50.TET.420.A.A	A	(0,12,4,2.13635,2.38927,0.151341,0.692263,0.407243,1.9409,-0.254533,0.512807,-0.819903,-0.963332,-0.060043,0.261506,0.0848728,0.856401,0.509287,50.6742,-12.5989,60.6631),(1,11,3,0.456312,3.17666,0.209302,0.962639,8.92321,0.940239,-0.271995,0.95812,0.089581,-0.370767,-0.190246,0.909031,0.888004,0.214038,0.406985,50.8306,-6.78879,26.247),(2,14,4,2.15892,3.17383,0.115431,0.613734,35.1862,-1.70525,-0.234818,0.972014,0.0070857,0.86529,0.212345,-0.454073,-0.44287,-0.100493,-0.890936,15.9807,37.087,53.957),(3,8,1,2.02674,2.70588,0.145455,0.840625,69.8713,-2.88075,0.437272,0.711446,0.550125,-0.207179,-0.515563,0.831428,0.87514,-0.477534,-0.078045,25.9698,2.35115,75.5519),(4,8,2,2.8871,3.40329,0.168421,1.23503,388.252,-4.94375,-0.168367,0.361843,0.916909,-0.553982,-0.804124,0.215609,0.815326,-0.47165,0.335843,23.2386,5.08468,22.1349)	(N,A,R,436,A,R,371,0),(N,A,D,434,A,D,305,0),(N,A,V,429,A,I,233,0),(N,A,T,433,A,T,304,0),(N,A,Q,428,A,E,234,0),(N,A,T,430,A,D,305,0),(N,A,H,415,A,H,125,1),(N,A,V,416,A,I,126,1),(N,A,V,412,A,V,122,1),(N,A,E,298,A,E,190,2),(N,A,R,200,A,R,232,2),(N,A,I,300,A,T,194,2),(N,A,N,204,A,K,22,2),(N,A,T,197,A,T,258,2),(N,A,N,269,A,P,27,2),(N,A,R,200,A,R,232,3),(N,A,F,293,A,Y,399,3),(N,A,V,201,A,I,233,3),(N,A,H,415,A,H,125,4),(N,A,E,418,A,T,168,4),(N,A,V,416,A,I,126,4),(N,A,G,410,A,D,123,4),(N,A,V,412,A,L,124,4)
1a72.44.PAD.378.A.A	A	(0,10,3,1.8092,2.7824,0.18264,1.37595,0.0924054,2.6139,-0.82074,-0.417841,-0.389609,-0.227412,0.864554,-0.448141,0.52409,-0.279205,-0.804596,-15.4654,6.22138,75.5654),(1,9,1,2.81313,2.38495,0.141732,0.32864,22.3411,-1.96548,-0.785578,0.618142,0.0277109,-0.506416,-0.616565,-0.602818,-0.355542,-0.487594,0.797397,-17.283,9.40951,21.0804),(2,7,1,2.93151,2.18234,0.177215,0.754723,124.142,-3.95505,0.794081,0.599465,-0.100384,0.515271,-0.751534,-0.411937,-0.322384,0.275386,-0.905666,30.1895,10.4759,33.7406)	(N,A,D,353,A,D,50,0),(N,A,H,354,A,H,51,0),(N,A,E,314,A,D,297,0),(N,A,P,313,A,P,296,0),(N,A,T,312,A,S,298,0),(N,A,T,160,A,E,267,0),(N,A,R,200,A,R,271,1),(N,A,G,294,A,T,277,1),(N,A,L,202,A,M,275,1),(N,A,V,201,A,L,272,1),(N,A,T,197,A,T,274,1),(N,A,E,298,A,D,273,1),(N,A,Y,176,A,R,271,2),(N,A,E,169,A,D,273,2),(N,A,R,174,A,R,271,2),(N,A,T,172,A,T,274,2)
1a7v.43.HEM.150.A.A	A	(0,11,3,1.33493,3.12514,0.19751,1.21236,29.4439,-1.29022,-0.650744,0.75846,-0.0356461,-0.202707,-0.128293,0.970799,0.731739,0.638967,0.237231,-8.87581,11.2049,11.3452)	(N,A,E,191,A,D,80,0),(N,A,D,190,A,D,79,0),(N,A,V,192,A,L,81,0),(N,A,A,193,A,A,83,0),(N,A,V,185,A,K,77,0)
1aer.43.TAD.700.A.A	A	(0,10,1,2.27055,2.72658,0.144928,0.260054,389.176,-4.48275,-0.184773,-0.889999,-0.416846,0.381202,-0.455846,0.804294,-0.905839,-0.0102912,0.423498,56.6054,42.5634,-33.1086)	(N,A,I,366,A,I,450,0),(N,A,E,365,A,S,449,0),(N,A,E,364,A,Q,448,0),(N,A,P,348,A,L,499,0),(N,A,S,381,A,T,564,0),(N,A,Y,340,A,H,440,0),(N,A,L,384,A,V,566,0)
1afs.21.TES.325.B.B	B	(0,8,1,2.7319,2.76081,0.140351,1.01007,105.886,-3.59262,-0.727099,-0.684319,-0.055095,-0.666518,0.72286,-0.182283,0.164565,-0.0958157,-0.981701,-44.9199,53.0131,17.5364)	(N,A,D,274,B,D,224,0),(N,A,T,312,B,T,226,0),(N,A,L,277,B,T,24,0),(N,A,D,292,B,P,26,0),(N,A,Y,315,B,W,227,0)
1abw.43.HEM.284.A.A	A	(0,8,2,2.70453,1.99384,0.120301,0.857145,47.3052,-2.78259,-0.493041,0.82169,-0.285895,-0.12824,-0.393661,-0.910267,-0.860503,-0.412135,0.299465,-13.2345,32.3974,-0.778195),(1,10,1,1.95117,2.29234,0.136986,1.32501,262.86,-3.93936,0.218676,0.967163,-0.129523,-0.206481,-0.0838673,-0.97485,-0.953701,0.23992,0.181362,13.0229,35.3951,0.559627)	(N,A,E,184,A,T,134,0),(N,A,E,191,A,D,94,0),(N,A,D,190,A,N,97,0),(N,A,K,189,A,K,99,0),(N,A,V,185,A,T,137,0),(N,A,V,192,A,V,93,0),(N,A,T,195,A,T,134,1),(N,A,E,198,A,T,137,1),(N,A,A,193,A,A,130,1),(N,A,L,295,A,V,96,1),(N,A,L,196,A,V,132,1),(N,A,T,197,A,S,133,1),(N,A,A,193,A,S,131,1)
1af7.26.SAH.287.A.A	A	(0,6,1,2.17243,2.10055,0.0821918,0.68463,4.1508,-0.517254,-0.277805,0.507969,-0.815348,0.0312235,0.853083,0.52084,0.96013,0.119234,-0.252851,61.5459,6.95899,65.1869),(1,7,1,2.93963,2.65938,0.0909091,1.19022,1414.18,-6.38703,0.265366,0.630327,0.729568,0.470731,-0.745081,0.472511,0.841423,0.218042,-0.494434,37.95,43.0903,67.0487)	(N,A,M,403,A,S,125,0),(N,A,R,251,A,R,98,0),(N,A,R,406,A,R,230,0),(N,A,M,403,A,T,126,0),(N,A,A,255,A,A,95,0),(N,A,Q,218,A,E,128,1),(N,A,R,222,A,S,132,1),(N,A,E,149,A,D,154,1),(N,A,T,146,A,S,125,1),(N,A,T,450,A,E,129,1),(N,A,N,148,A,A,123,1),(N,A,V,145,A,V,159,1)
1a8a.16.GSE.997.A.A	A	(0,10,1,2.83173,2.34425,0.135135,1.10653,0.61522,1.22633,0.694872,0.146235,0.704108,0.138888,-0.987962,0.0681212,0.705594,0.050457,-0.706818,14.8997,60.5955,38.0201),(1,8,1,2.20418,3.17902,0.105263,0.781865,0.86695,1.02392,-0.950002,-0.242902,-0.196199,-0.219662,0.0733406,0.972815,-0.22191,0.967274,-0.12303,-2.92459,25.8459,-3.20196)	(N,A,C,296,A,Y,211,0),(N,A,E,298,A,E,182,0),(N,A,K,268,A,K,184,0),(N,A,R,200,A,R,225,0),(N,A,N,199,A,D,224,0),(N,A,T,197,A,T,222,0),(N,A,R,200,A,R,225,1),(N,A,L,202,A,I,223,1),(N,A,V,201,A,I,223,1),(N,A,E,298,A,E,232,1),(N,A,H,194,A,T,187,1),(N,A,T,197,A,T,227,1),(N,A,V,270,A,L,235,1)
1a8t.34.061.250.A.A	A	(0,7,2,1.2137,2.24228,0.124539,1.18378,27.2827,-1.57207,0.354821,-0.126444,0.926345,-0.89445,-0.334316,0.296971,0.272142,-0.93394,-0.23172,3.49545,-1.90522,25.214)	(N,A,H,194,A,H,145,0),(N,A,D,190,A,N,176,0),(N,A,A,193,A,A,180,0),(N,A,V,185,A,S,173,0)
1apv.9.XYS.399.E.E	E	(0,8,1,2.44859,2.40954,0.183908,1.42468,0.624894,1.13853,0.182453,0.669059,-0.720466,0.530836,0.549759,0.644963,0.827601,-0.500125,-0.254856,42.9891,22.5431,34.6641)	(N,A,D,274,E,D,171,0),(N,A,T,312,E,S,173,0),(N,A,K,276,E,K,174,0),(N,A,D,292,E,Y,165,0),(N,A,T,291,E,A,154,0),(N,A,D,292,E,D,166,0)
1ad4.22.HH2.271.A.A	A	(0,6,1,2.51202,2.29937,0.0794702,0.611528,344.236,-4.97211,0.645934,-0.131218,-0.752031,-0.735146,-0.372417,-0.56645,-0.205741,0.918742,-0.337022,73.3918,-3.81068,41.3075)	(N,A,E,234,A,D,167,0),(N,A,T,160,A,S,50,0),(N,A,K,276,A,R,239,0),(N,A,D,292,A,D,84,0),(N,A,Y,272,A,D,45,0)
1af0.15.0Z9.674.A.A	A	(0,11,3,2.32194,2.85422,0.203175,0.561581,39.5635,-2.13492,0.578779,0.815042,-0.0268677,0.262764,-0.155202,0.952296,0.771991,-0.558228,-0.303991,5.12398,32.3648,73.1415)	(N,A,H,220,A,H,176,0),(N,A,T,219,A,T,173,0),(N,A,D,221,A,E,177,0),(N,A,R,222,A,A,134,0)
1agm.44.ACR.495.A.A	A	(0,5,1,1.55844,1.60687,0.117647,1.28396,1.28407,0.613976,-0.430805,-0.136108,0.892122,-0.80436,-0.390292,-0.44797,0.40916,-0.910575,0.0586593,22.7273,8.72508,13.0895)	(N,A,A,171,A,A,412,0),(N,A,E,169,A,E,400,0),(N,A,Y,215,A,Y,311,0),(N,A,Y,176,A,W,317,0)
1aca.17.PLM.88.A.A	A	(0,11,1,2.44273,3.29999,0.209524,0.980958,0.0837869,2.44476,0.993683,-0.0143527,0.111304,-0.104721,0.23799,0.965606,-0.0403482,-0.971162,0.234983,49.3865,-21.6965,9.39113),(1,10,1,2.99004,2.21114,0.186916,0.516386,0.0421939,2.37257,0.732366,0.572465,0.368678,-0.370076,-0.119849,0.921238,0.571563,-0.811123,0.124082,27.482,-23.5498,29.0394),(2,7,1,1.82152,3.48022,0.109375,0.335221,7.23928,-0.698678,0.856244,-0.514454,-0.0467335,0.204099,0.420024,-0.884265,0.474543,0.747608,0.464642,63.207,8.87893,-10.3831),(3,6,1,1.1627,2.87583,0.0952381,0.878809,10.2014,-0.728632,0.78056,-0.62389,0.038574,0.299052,0.318535,-0.899502,0.548903,0.71365,0.435211,61.1866,14.2287,-6.98725)	(N,A,D,190,A,E,10,0),(N,A,H,194,A,H,14,0),(N,A,E,191,A,E,11,0),(N,A,R,200,A,K,18,0),(N,A,V,192,A,V,12,0),(N,A,R,200,A,K,16,1),(N,A,H,194,A,H,14,1),(N,A,T,197,A,H,14,1),(N,A,K,189,A,E,10,1),(N,A,E,191,A,E,10,1),(N,A,L,196,A,L,15,1),(N,A,V,192,A,V,12,1),(N,A,V,187,A,L,25,2),(N,A,D,190,A,E,23,2),(N,A,E,184,A,K,54,2),(N,A,E,191,A,E,22,2),(N,A,E,191,A,E,23,2),(N,A,A,193,A,A,20,2),(N,A,E,191,A,E,22,3),(N,A,D,190,A,E,23,3),(N,A,E,184,A,K,54,3),(N,A,A,193,A,A,20,3)
1ai3.48.NDO.417.A.A	A	(0,15,5,2.59717,2.11554,0.187137,1.06087,1.59049,1.03579,-0.647818,-0.718515,0.253116,0.0543592,-0.375015,-0.925424,0.759853,-0.585747,0.281999,-117.04,-65.1514,32.6004),(1,5,1,1.26661,2.28289,0.0925926,1.17772,137.42,-3.55357,-0.5338,-0.741894,0.405771,0.557392,0.0521502,0.82861,-0.635902,0.668486,0.385688,-113.758,-79.7504,-29.2562),(2,5,1,2.07589,2.87563,0.0961538,0.562293,541.877,-5.41691,0.916613,-0.379171,-0.126693,0.397167,0.827537,0.396787,-0.0456069,-0.414019,0.909125,-71.3761,-54.3461,-13.5141)	(N,A,R,466,A,R,395,0),(N,A,H,220,A,K,350,0),(N,A,H,220,A,Y,391,0),(N,A,R,465,A,R,395,0),(N,A,D,221,A,D,392,0),(N,A,I,449,A,H,339,0),(N,A,I,180,A,I,322,0),(N,A,R,222,A,N,352,0),(N,A,T,450,A,H,339,0),(N,A,D,262,A,P,343,1),(N,A,V,270,A,V,351,1),(N,A,Y,263,A,Y,345,1),(N,A,E,228,A,L,103,2),(N,A,I,290,A,I,32,2),(N,A,K,289,A,K,100,2),(N,A,D,283,A,E,336,2)
1ais.20.5IU.1411.C.A	A	(0,7,1,2.0727,3.03324,0.14,0.643359,42.6348,-2.54723,0.480003,0.635191,0.605087,0.726008,0.09956,-0.680441,-0.492452,0.765912,-0.413364,-47.8693,57.7549,65.7346)	(N,A,R,200,A,R,140,0),(N,A,E,298,A,E,128,0),(N,A,L,196,A,I,148,0),(N,A,T,195,A,C,158,0),(N,A,L,196,A,V,147,0)
1ao0.27.ADP.468.A.A	A	(0,7,1,1.92028,1.43377,0.155556,1.22507,1.76336,0.493207,-0.14275,-0.918766,0.368093,-0.712735,0.35347,0.605862,-0.686755,-0.175866,-0.705294,-16.6872,-6.9559,62.5923)	(N,A,T,433,A,S,374,0),(N,A,D,434,A,D,345,0),(N,A,D,434,A,D,346,0),(N,A,T,430,A,S,283,0),(N,A,S,431,A,S,284,0),(N,A,V,429,A,V,280,0)
1amu.23.AMP.567.A.A	A	(0,10,1,2.66141,2.41568,0.113636,0.561428,8.3319,-0.853572,0.515167,-0.602853,0.609239,0.850365,0.448383,-0.275377,-0.10716,0.65994,0.743637,41.1615,109.907,23.7537),(1,6,1,2.36908,2.44619,0.097561,0.496326,23.3149,-2.24091,0.205906,0.901587,-0.380452,0.502139,-0.431041,-0.749707,-0.839916,-0.0366704,-0.541476,34.0781,109.562,8.12726)	(N,A,R,174,A,R,428,0),(N,A,L,213,A,N,321,0),(N,A,E,169,A,D,413,0),(N,A,Y,215,A,Y,323,0),(N,A,E,228,A,T,305,0),(N,A,E,169,A,Q,414,0),(N,A,M,227,A,I,348,0),(N,A,Y,229,A,S,345,0),(N,A,Y,176,A,Y,425,0),(N,A,T,172,A,T,200,1),(N,A,A,171,A,T,326,1),(N,A,E,149,A,F,566,1),(N,A,V,226,A,T,411,1),(N,A,Y,176,A,Y,409,1),(N,A,E,169,A,E,327,1)
1ahz.14.EPT.602.A.A	A	(0,10,1,2.88531,2.43327,0.206186,0.758375,0.539743,1.2901,-0.168864,-0.0355924,0.984996,-0.984593,0.0521187,-0.166912,-0.045396,-0.998006,-0.043845,87.1184,30.2264,47.8216),(1,9,2,2.51078,3.26732,0.171832,1.17357,5.95564,-0.586319,-0.213065,-0.937839,0.273973,0.282212,-0.327533,-0.901709,0.935393,-0.114804,0.334456,115.683,58.3693,86.1757),(2,7,2,1.18598,2.82237,0.165367,0.641361,65.7158,-2.41756,0.214287,-0.906489,0.363812,-0.58156,0.180847,0.793147,-0.784774,-0.381539,-0.488424,110.159,13.9158,49.943)	(N,A,R,436,A,R,504,0),(N,A,T,430,A,E,182,0),(N,A,D,434,A,E,182,0),(N,A,Y,437,A,Y,503,0),(N,A,H,238,A,H,466,0),(N,A,Q,428,A,N,179,0),(N,A,R,174,A,R,312,1),(N,A,T,172,A,T,457,1),(N,A,Y,215,A,Y,187,1),(N,A,S,475,A,V,185,1),(N,A,R,241,A,R,312,2),(N,A,S,240,A,T,457,2),(N,A,D,439,A,D,170,2),(N,A,H,238,A,T,310,2)
1all.43.CYC.175.A.A	A	(0,7,1,2.08089,1.94812,0.116667,0.687469,0.118917,2.02035,0.0383989,-0.650465,-0.758565,0.0411827,-0.75745,0.651593,-0.998414,-0.0562602,-0.00229735,60.359,-1.97351,-14.8849),(1,8,1,1.04608,1.84961,0.113475,1.36292,3.67175,0.610871,0.0592078,-0.563906,-0.823714,0.0780211,-0.820023,0.566987,-0.995192,-0.0978372,-0.00455516,65.146,1.39112,-15.1944),(2,9,1,2.27152,2.29273,0.155172,1.06224,1.84904,0.538173,0.265637,-0.470197,-0.841636,0.180601,0.881815,-0.435643,0.947006,-0.0362779,0.319161,36.1343,39.323,35.9),(3,9,1,2.40605,2.20175,0.116129,0.0919681,5.17411,-0.414079,-0.6249,-0.732807,0.269249,-0.472235,0.629432,0.617097,-0.621687,0.258475,-0.739389,22.9136,-1.26633,13.7829),(4,7,1,2.19827,1.98822,0.138614,1.34537,7.2912,-0.89338,-0.211707,-0.570184,0.79377,-0.776338,-0.395264,-0.490985,0.5937,-0.720179,-0.358975,25.6728,7.02756,46.1523)	(N,A,R,251,A,R,63,0),(N,A,S,246,A,D,65,0),(N,A,A,376,A,A,128,0),(N,A,D,248,A,D,65,0),(N,A,E,375,A,E,127,0),(N,A,S,378,A,A,130,1),(N,A,R,251,A,R,63,1),(N,A,E,375,A,E,127,1),(N,A,L,372,A,T,124,1),(N,A,A,376,A,A,128,1),(N,A,E,228,A,R,93,2),(N,A,Y,229,A,R,93,2),(N,A,R,174,A,R,86,2),(N,A,E,169,A,D,87,2),(N,A,Y,176,A,Y,90,2),(N,A,T,172,A,T,83,2),(N,A,T,197,A,T,83,3),(N,A,L,295,A,M,80,3),(N,A,R,200,A,R,86,3),(N,A,R,273,A,N,72,3),(N,A,E,298,A,D,87,3),(N,A,V,201,A,L,85,3),(N,A,R,222,A,R,86,4),(N,A,D,221,A,D,87,4),(N,A,H,220,A,Y,90,4),(N,A,Q,218,A,D,89,4)
1aur.10.PMS.801.A.A	A	(0,6,1,2.61719,2.1111,0.0916031,1.46115,36.4401,-2.77958,-0.230017,-0.529498,0.816532,0.0966856,0.822444,0.560569,-0.968372,0.207887,-0.137981,41.6968,15.6403,44.5891)	(N,A,N,199,A,N,59,0),(N,A,Y,215,A,Q,115,0),(N,A,S,475,A,S,114,0),(N,A,L,202,A,I,58,0),(N,A,L,213,A,I,70,0)
1aln.17.CTD.295.A.A	A	(0,6,1,1.7088,2.24422,0.0759494,1.02693,34.8744,-2.30996,-0.33827,0.570704,0.748245,-0.61707,-0.734832,0.281506,0.710491,-0.366495,0.600736,11.9296,38.7654,-0.366482),(1,6,1,1.23581,1.9234,0.122449,0.991805,49.1439,-2.32481,-0.912131,-0.315747,0.261384,0.375486,-0.387872,0.841763,-0.164401,0.865944,0.472348,17.8352,68.6056,7.04609),(2,5,1,2.85892,4.29168,0.0877193,0.566194,1517.4,-6.76609,-0.302255,0.911473,0.279032,-0.764661,-0.406622,0.499952,0.569153,-0.0622523,0.819872,21.3918,29.1495,-9.85657),(3,8,1,2.31149,3.38203,0.1,0.709562,3013.19,-6.76937,0.721599,-0.492009,-0.487054,0.371341,-0.318686,0.872092,-0.584295,-0.810164,-0.0472604,59.0973,52.4863,-13.4625)	(N,A,K,268,A,Q,105,0),(N,A,S,259,A,T,100,0),(N,A,K,400,A,R,65,0),(N,A,E,267,A,E,104,0),(N,A,Y,263,A,H,102,0),(N,A,E,149,A,E,91,1),(N,A,T,146,A,T,66,1),(N,A,V,145,A,L,68,1),(N,A,K,268,A,Q,105,2),(N,A,Y,417,A,G,130,2),(N,A,Y,263,A,H,102,2),(N,A,E,267,A,E,104,2),(N,A,D,434,A,P,67,3),(N,A,T,433,A,T,66,3),(N,A,T,435,A,S,69,3),(N,A,N,231,A,F,92,3),(N,A,Y,176,A,H,102,3),(N,A,L,153,A,V,73,3)
1ai9.48.NDP.193.A.A	A	(0,6,1,2.41003,2.75891,0.0851064,0.46927,45.2259,-2.9105,-0.34898,0.501688,-0.791532,0.710047,-0.409674,-0.572713,-0.611593,-0.76189,-0.213254,15.1437,21.4834,-13.2722),(1,8,1,1.75904,2.02264,0.120301,1.10544,354.132,-4.3564,-0.175556,-0.984428,0.00907213,-0.812269,0.150049,0.563653,-0.556236,0.0915834,-0.825962,29.6344,-23.9845,3.68947)	(N,A,I,449,A,T,58,0),(N,A,T,448,A,I,117,0),(N,A,Y,152,A,Y,118,0),(N,A,I,180,A,I,19,0),(N,A,I,165,A,L,149,0),(N,A,V,201,A,L,131,1),(N,A,N,204,A,T,133,1),(N,A,N,204,A,I,132,1),(N,A,L,202,A,I,9,1),(N,A,Y,474,A,Y,118,1),(N,A,L,213,A,I,112,1)
1ami.14.MIC.755.A.A	A	(0,6,1,2.32126,1.83195,0.106195,0.308114,5476.6,-7.65868,0.329893,-0.83317,0.443844,-0.547929,-0.551856,-0.628672,0.768729,-0.0358004,-0.638572,30.1555,28.5441,115.44)	(N,A,N,279,A,D,165,0),(N,A,H,238,A,R,580,0),(N,A,L,239,A,A,74,0),(N,A,E,278,A,D,165,0),(N,A,E,341,A,D,100,0),(N,A,Y,315,A,H,147,0)
1ajq.9.SPA.559.B.B	B	(0,8,1,2.78039,3.44199,0.134454,1.28959,5708.66,-7.59298,0.187505,-0.956966,0.221491,-0.921521,-0.249444,-0.297619,0.340061,-0.148304,-0.928636,20.3259,46.83,77.8612)	(N,A,I,300,B,D,262,0),(N,A,D,398,B,N,388,0),(N,A,R,328,B,R,263,0),(N,A,E,397,B,S,386,0),(N,A,D,302,B,N,242,0),(N,A,D,302,B,N,241,0)
1ash.43.HEM.301.A.A	A	(0,12,1,2.78719,3.00779,0.134078,0.412258,17.3186,-1.42011,0.534081,-0.535288,-0.654388,-0.83795,-0.437917,-0.32568,-0.112235,0.722285,-0.682428,55.5505,-21.4538,19.6838)	(N,A,K,297,A,R,90,0),(N,A,H,265,A,H,96,0),(N,A,L,264,A,L,93,0),(N,A,S,266,A,V,101,0),(N,A,V,271,A,L,93,0),(N,A,V,270,A,L,92,0),(N,A,I,300,A,R,95,0),(N,A,Y,263,A,H,102,0),(N,A,V,271,A,L,92,0),(N,A,V,270,A,L,93,0)
1aq2.31.ATP.541.A.A	A	(0,8,1,2.59391,2.50146,0.115942,0.929337,89.4286,-3.37273,-0.592597,-0.729279,0.342025,0.137433,-0.509927,-0.849168,0.793688,-0.456209,0.402408,-14.1254,21.2553,31.2918)	(N,A,T,433,A,D,454,0),(N,A,R,436,A,R,456,0),(N,A,D,434,A,I,452,0),(N,A,T,435,A,T,455,0),(N,A,L,156,A,V,439,0),(N,A,T,443,A,T,441,0)
1asz.20.PSU.632.S.B	B	(0,8,1,2.25314,1.52018,0.168421,0.914441,322.976,-4.51201,0.538454,0.40942,-0.736507,-0.0537362,0.888936,0.454868,0.84094,-0.205348,0.500652,64.5175,72.9041,6.50142)	(N,A,T,435,B,T,118,0),(N,A,R,436,B,R,119,0),(N,A,D,434,B,N,117,0),(N,A,V,429,B,S,181,0),(N,A,T,443,B,G,158,0)
1akd.43.HEM.417.A.A	A	(0,5,1,1.06998,3.04749,0.10989,1.37272,0.394578,1.77492,0.449457,0.850257,-0.273955,0.882566,-0.470062,-0.0109456,-0.138082,-0.236863,-0.96168,41.6045,44.1764,-0.330419),(1,9,1,2.17048,2.53951,0.132353,1.08278,3.08966,0.150742,-0.582244,0.554264,0.594797,0.712822,0.69986,0.0456095,-0.390995,0.45054,-0.802581,-8.298,22.4976,35.1933),(2,7,1,1.45421,2.31591,0.175,0.682729,376.177,-4.35994,-0.652821,0.676814,-0.340216,0.555006,0.121682,-0.822899,-0.515551,-0.726028,-0.455072,17.704,40.1956,16.2058),(3,9,1,2.54921,2.86876,0.110429,0.701565,1483.35,-6.04096,0.166738,0.981158,-0.097608,0.118671,0.0783049,0.989841,0.978834,-0.176627,-0.103378,23.7945,-14.5437,16.8598),(4,12,4,2.48841,2.59357,0.0992017,1.14915,4150.82,-6.75792,0.387782,0.822158,0.416751,0.0393537,-0.466485,0.883653,0.920911,-0.326264,-0.213249,27.5584,-2.88149,27.3494)	(N,A,S,431,A,S,83,0),(N,A,L,153,A,L,244,0),(N,A,Y,175,A,Y,96,0),(N,A,T,433,A,T,101,0),(N,A,H,415,A,H,361,1),(N,A,I,411,A,V,119,1),(N,A,Q,414,A,Q,360,1),(N,A,L,421,A,V,124,1),(N,A,S,259,A,E,366,1),(N,A,V,416,A,L,362,1),(N,A,H,415,A,H,361,2),(N,A,K,420,A,R,364,2),(N,A,Q,414,A,G,359,2),(N,A,V,412,A,M,121,2),(N,A,R,251,A,R,112,3),(N,A,H,405,A,T,101,3),(N,A,E,401,A,Y,96,3),(N,A,A,255,A,A,115,3),(N,A,F,407,A,H,355,3),(N,A,I,411,A,L,358,3),(N,A,R,436,A,R,112,4),(N,A,H,238,A,T,101,4),(N,A,V,429,A,L,358,4),(N,A,Q,428,A,F,350,4),(N,A,L,282,A,L,244,4),(N,A,P,424,A,D,297,4),(N,A,T,435,A,A,113,4)
1ap8.29.M7G.214.A.A	A	(0,6,1,2.52985,2.71043,0.105263,1.5541,0.292429,1.25973,0.997505,-0.0268237,0.0653012,-0.0556839,-0.867542,0.494237,0.0433943,-0.49664,-0.866871,36.4115,-39.5264,29.0272),(1,4,1,1.56798,2.44324,0.0898876,1.20923,3.22672,-0.372977,-0.792359,-0.531025,0.300299,-0.443657,0.839459,0.313811,-0.418731,0.115421,-0.900746,-24.147,-25.2003,10.5155)	(N,A,E,247,A,E,56,0),(N,A,K,377,A,K,49,0),(N,A,A,376,A,A,51,0),(N,A,T,371,A,S,59,0),(N,A,L,372,A,L,61,0),(N,A,E,341,A,T,48,1),(N,A,R,346,A,K,49,1),(N,A,Y,340,A,Y,93,1),(N,A,P,369,A,P,82,1)
1a4q.28.DPC.466.B.B	B	(0,14,3,2.2702,2.77062,0.157551,0.949561,0.135785,2.57249,0.675869,-0.570783,0.46627,0.0402295,-0.603127,-0.79663,0.735923,0.557175,-0.384672,61.8,56.1218,-1.43257),(1,7,3,2.06356,2.76439,0.12012,0.833946,91.865,-3.30426,0.585362,-0.78042,0.219762,0.62974,0.608362,0.483035,-0.510665,-0.144358,0.847574,17.8871,35.3725,-77.6376),(2,6,1,2.03597,2.79927,0.115385,1.07615,91.865,-3.44495,0.604617,-0.769166,0.206934,0.617954,0.616889,0.487423,-0.502564,-0.166828,0.848291,18.7681,35.2383,-77.6626),(3,5,1,1.3008,3.61192,0.10101,0.908651,257.063,-4.2048,0.454773,-0.805918,-0.379048,-0.328488,0.243812,-0.912497,0.827815,0.539492,-0.153855,48.7507,48.4139,-29.1605),(4,11,3,2.96661,2.63816,0.124469,0.993648,257.063,-4.24079,-0.957742,0.0705988,-0.27883,0.108319,0.986569,-0.122264,0.266453,-0.1473,-0.952526,14.2167,20.1159,-8.14318)	(N,A,R,466,B,R,115,0),(N,A,H,220,B,H,438,0),(N,A,R,465,B,E,116,0),(N,A,D,221,B,H,438,0),(N,A,R,222,B,R,146,0),(N,A,T,219,B,T,145,0),(N,A,E,247,B,E,275,1),(N,A,R,251,B,R,291,1),(N,A,P,374,B,R,115,1),(N,A,D,248,B,E,274,1),(N,A,E,247,B,E,275,2),(N,A,R,251,B,R,291,2),(N,A,P,374,B,R,115,2),(N,A,D,248,B,E,274,2),(N,A,N,204,B,G,346,3),(N,A,K,268,B,R,291,3),(N,A,E,267,B,E,274,3),(N,A,Y,263,B,H,272,3),(N,A,R,200,B,R,222,4),(N,A,L,196,B,I,220,4),(N,A,T,197,B,G,242,4),(N,A,F,472,B,W,176,4),(N,A,E,298,B,E,274,4),(N,A,A,193,B,N,219,4)
1asz.20.PSU.632.R.A	A	(0,8,1,2.7941,3.27976,0.148148,1.03997,58.124,-3.01919,-0.504107,-0.847108,-0.168177,-0.831962,0.528577,-0.16866,0.231768,0.0548944,-0.971221,114.186,15.1694,35.3827)	(N,A,H,194,A,Q,120,0),(N,A,T,195,A,T,124,0),(N,A,T,197,A,K,155,0),(N,A,D,190,A,Q,121,0),(N,A,E,191,A,Q,121,0),(N,A,V,192,A,L,125,0),(N,A,A,193,A,A,126,0)
1asy.20.PSU.613.R.A	A	(0,5,1,1.65006,1.91304,0.126582,0.714896,1794.67,-6.38423,-0.101719,0.411217,0.905844,0.390455,-0.820997,0.416544,0.914985,0.396062,-0.0770506,58.3431,57.674,24.9224)	(N,A,N,351,A,N,227,0),(N,A,H,354,A,T,230,0),(N,A,L,357,A,V,226,0),(N,A,L,360,A,V,225,0)
1aqe.43.HEM.119.A.A	A	(0,11,3,2.39215,2.39635,0.140761,0.984546,0.839167,1.2832,0.367274,-0.907823,-0.202403,-0.820103,-0.213413,-0.530928,0.438793,0.360988,-0.82289,52.5269,23.8156,46.359),(1,8,1,2.17268,2.84109,0.113475,1.42688,6.57092,-0.650839,0.928453,-0.212674,0.304539,-0.251921,0.241963,0.937011,-0.272965,-0.946691,0.171074,43.8159,5.50465,23.0014)	(N,A,E,191,A,E,52,0),(N,A,T,197,A,P,46,0),(N,A,D,190,A,E,52,0),(N,A,T,195,A,T,50,0),(N,A,F,469,A,F,3,0),(N,A,V,192,A,I,51,0),(N,A,H,194,A,T,44,0),(N,A,T,195,A,Q,40,1),(N,A,H,194,A,H,42,1),(N,A,T,197,A,T,44,1),(N,A,K,297,A,T,50,1),(N,A,L,295,A,I,51,1)
1b09.11.PC.500.A.A	A	(0,6,1,1.29511,2.17825,0.162162,0.982881,12.3055,-1.0162,0.239036,-0.767791,-0.59444,-0.915032,0.0267423,-0.402494,0.324928,0.640142,-0.696161,183.567,146.297,78.5751),(1,7,1,1.9554,2.18911,0.179487,0.40243,34.4342,-2.27808,0.368731,-0.650246,-0.664243,-0.910589,-0.109137,-0.398644,0.186723,0.751844,-0.632349,191.93,147.288,69.336),(2,8,1,2.61772,2.27521,0.156863,1.30181,269.63,-4.48176,-0.347834,-0.635997,-0.688854,0.765862,-0.616554,0.182526,-0.540802,-0.464078,0.701544,155.75,174.163,18.1656),(3,8,1,2.42663,3.05677,0.145455,1.05476,379.954,-4.74843,0.46878,-0.70332,0.534403,-0.729773,-0.649238,-0.214293,0.497671,-0.289536,-0.817614,147.141,155.186,71.9207),(4,9,1,2.99336,2.0193,0.174757,1.27261,1063.21,-5.86869,0.234024,-0.339143,-0.911161,-0.767219,0.511221,-0.387335,0.597166,0.789706,-0.140559,170.428,153.594,59.5409)	(N,A,D,353,A,D,60,0),(N,A,E,355,A,D,140,0),(N,A,E,359,A,E,138,0),(N,A,D,353,A,D,60,1),(N,A,E,355,A,D,140,1),(N,A,L,357,A,A,55,1),(N,A,E,359,A,E,138,1),(N,A,D,262,A,E,147,2),(N,A,S,266,A,S,149,2),(N,A,S,259,A,N,145,2),(N,A,E,267,A,Q,150,2),(N,A,H,207,A,D,140,2),(N,A,D,292,A,D,140,3),(N,A,T,312,A,T,76,3),(N,A,N,279,A,D,60,3),(N,A,T,291,A,D,140,3),(N,A,D,292,A,E,138,3),(N,A,Y,315,A,G,48,4),(N,A,K,276,A,Q,150,4),(N,A,D,274,A,E,147,4),(N,A,D,292,A,Q,139,4),(N,A,D,292,A,N,145,4),(N,A,N,279,A,E,138,4),(N,A,D,292,A,D,140,4)
1b6a.27.TN4.480.A.A	A	(0,9,2,2.58085,3.84953,0.10205,1.47988,680.597,-5.2746,-0.59372,0.134839,0.793294,-0.786632,-0.304843,-0.536918,0.169433,-0.942809,0.28706,-20.6481,31.2726,17.0433),(1,9,1,2.20609,2.40023,0.142857,1.31474,1904.49,-6.14623,0.510622,0.120968,-0.851253,-0.83932,-0.144699,-0.524027,-0.186565,0.982054,0.0276442,56.9174,12.9031,7.56945)	(N,A,V,258,A,N,329,0),(N,A,D,398,A,E,364,0),(N,A,H,265,A,H,331,0),(N,A,R,328,A,D,262,0),(N,A,V,270,A,I,338,0),(N,A,V,271,A,I,338,0),(N,A,G,394,A,Q,457,0),(N,A,D,292,A,D,251,1),(N,A,Y,272,A,E,459,1),(N,A,E,198,A,K,249,1),(N,A,T,160,A,Y,444,1),(N,A,N,279,A,D,262,1),(N,A,D,274,A,E,459,1),(N,A,D,274,A,E,364,1)
1b48.20.GSH.223.B.B	B	(0,8,1,1.0193,3.27674,0.168421,1.32626,13.2016,-0.556741,0.07717,-0.83604,0.543214,0.516086,0.499663,0.695696,-0.853054,0.226658,0.470027,21.1799,27.2315,-5.12151),(1,9,1,2.52734,3.3869,0.137405,0.769879,1607.34,-6.11259,-0.26256,0.951458,0.160589,-0.818307,-0.131372,-0.559566,-0.511307,-0.278331,0.813078,19.0815,16.2101,-10.9152)	(N,A,H,415,B,H,49,0),(N,A,V,412,B,M,44,0),(N,A,V,416,B,L,50,0),(N,A,L,421,B,L,57,0),(N,A,T,195,B,T,66,1),(N,A,T,197,B,I,71,1),(N,A,E,191,B,V,55,1),(N,A,H,194,B,T,68,1),(N,A,V,192,B,L,57,1),(N,A,V,192,B,L,65,1),(N,A,L,196,B,L,65,1)
1b2l.51.NDC.255.A.A	A	(0,6,1,2.51715,2.29436,0.108108,0.497884,0.0445345,2.01764,-0.668509,-0.318593,-0.672007,0.199618,-0.947305,0.25053,-0.716413,0.0333366,0.696879,-9.71848,29.9768,12.4507),(1,7,1,2.27676,2.44761,0.0945946,1.55625,7.64084,-0.972477,-0.664198,-0.535464,-0.521651,0.319513,-0.834201,0.449466,-0.675835,0.13186,0.725163,-14.8669,33.4275,14.7763),(2,11,2,2.65644,2.34794,0.138867,1.20604,30.1296,-2.00097,-0.653126,-0.497941,-0.570509,0.342973,-0.866209,0.363388,-0.675127,0.0416689,0.736524,-13.2466,34.8637,13.0571),(3,8,1,2.82676,4.07461,0.124031,1.43963,468.487,-5.11026,-0.28372,0.705423,0.649525,0.226099,0.707474,-0.669596,-0.93187,-0.0431205,-0.36022,-29.0128,68.3209,20.9626),(4,8,1,2.4361,2.27712,0.131148,0.884402,3668.39,-7.0186,0.536908,-0.225,-0.813083,-0.633864,0.52842,-0.564791,0.556728,0.818625,0.141094,23.7733,53.6196,61.9307)	(N,A,T,435,A,T,61,0),(N,A,R,436,A,R,38,0),(N,A,T,433,A,V,66,0),(N,A,S,431,A,T,65,0),(N,A,T,443,A,T,61,0),(N,A,D,434,A,D,63,0),(N,A,T,433,A,V,66,1),(N,A,T,435,A,Y,62,1),(N,A,R,436,A,R,38,1),(N,A,S,431,A,T,65,1),(N,A,Y,229,A,N,90,1),(N,A,T,443,A,T,61,1),(N,A,D,434,A,D,63,1),(N,A,R,436,A,R,38,2),(N,A,T,430,A,R,102,2),(N,A,T,435,A,Y,62,2),(N,A,T,443,A,T,61,2),(N,A,T,433,A,V,66,2),(N,A,S,431,A,T,65,2),(N,A,D,434,A,D,63,2),(N,A,Y,437,A,D,37,2),(N,A,T,211,A,T,140,3),(N,A,T,211,A,S,152,3),(N,A,L,213,A,I,145,3),(N,A,A,212,A,A,144,3),(N,A,D,292,A,Y,151,3),(N,A,F,293,A,Y,151,3),(N,A,L,202,A,V,148,3),(N,A,E,341,A,D,237,4),(N,A,L,239,A,V,139,4),(N,A,R,241,A,A,144,4),(N,A,S,240,A,T,140,4),(N,A,L,277,A,I,183,4)
1aod.12.INS.296.A.A	A	(0,5,1,0.837439,2.04621,0.120482,0.311416,23.0647,-1.37275,-0.758107,0.295244,0.581467,0.0733336,0.924584,-0.373853,-0.647993,-0.24078,-0.722585,-35.6575,38.1638,29.5308),(1,7,1,2.31054,2.45008,0.122807,1.20495,358.634,-4.77527,-0.128171,0.838343,0.529861,0.991441,0.121693,0.047283,-0.0248409,0.531386,-0.846765,11.8614,62.7013,50.9649)	(N,A,D,353,A,E,128,0),(N,A,E,359,A,E,177,0),(N,A,Q,352,A,Q,129,0),(N,A,H,354,A,D,205,1),(N,A,E,278,A,D,82,1),(N,A,K,276,A,H,45,1),(N,A,T,312,A,S,238,1),(N,A,D,274,A,D,278,1)
1b2v.43.HEM.200.A.A	A	(0,8,1,2.90057,2.09037,0.137931,0.225668,114.03,-3.7263,0.397064,0.0825265,0.914073,0.103866,0.98551,-0.134094,-0.911895,0.148185,0.382739,-7.66603,14.036,-15.2898)	(N,A,D,274,A,N,41,0),(N,A,D,292,A,N,36,0),(N,A,Y,272,A,N,41,0),(N,A,E,198,A,G,35,0),(N,A,N,279,A,N,31,0),(N,A,T,291,A,T,33,0)
1asz.31.ATP.701.A.A	A	(0,10,1,1.51737,2.27495,0.176991,1.45394,0.0859129,2.81653,-0.0255124,0.617225,-0.786373,-0.699865,-0.572722,-0.426824,-0.713819,0.539466,0.446585,79.7837,48.4924,-54.331),(1,10,1,2.92793,3.06867,0.13986,0.574734,1.88246,0.375126,0.0819482,-0.966206,-0.244396,0.111195,0.252554,-0.961172,0.990414,0.0515907,0.128134,79.2069,121.371,-8.35163)	(N,A,T,219,A,T,331,0),(N,A,H,220,A,H,332,0),(N,A,R,222,A,R,333,0),(N,A,T,450,A,T,424,0),(N,A,F,407,A,F,473,1),(N,A,E,375,A,E,478,1),(N,A,E,247,A,E,427,1),(N,A,G,373,A,E,478,1),(N,A,S,378,A,S,481,1),(N,A,S,381,A,R,453,1),(N,A,P,374,A,E,478,1),(N,A,M,343,A,L,422,1)
1aof.49.DHE.602.A.A	A	(0,3,1,1.19643,1.73708,0.107143,0.742156,125.313,-3.91552,-0.118775,0.482796,-0.867641,0.989401,-0.0159701,-0.14433,-0.0835381,-0.875587,-0.475782,22.5207,44.2899,43.9437)	(N,A,E,278,A,E,246,0),(N,A,T,312,A,T,562,0)
1b7e.19.TPT.480.A.A	A	(0,7,1,1.46663,3.11713,0.175,1.22681,2931.03,-6.42033,-0.687069,0.428787,-0.586582,0.572369,0.816702,-0.0734185,0.447582,-0.386185,-0.806555,73.7649,69.3885,37.1714)	(N,A,V,429,A,L,397,0),(N,A,D,434,A,E,401,0),(N,A,T,433,A,L,404,0),(N,A,T,430,A,T,398,0),(N,A,S,431,A,P,399,0)
